	18.0	19.0	20.0	21.0	22.0	23.0	24.0	25.0	26.0	27.0	28.0	29.0	30.0	31.0	32.0	33.0	34.0	35.0	36.0	37.0	38.0
Kakamega-101_S80_L001_R1_001	2.0	1.0	5.0	13.0	117.0	123.0	67.0	48.0	46.0	40.0	61.0	66.0	96.0	130.0	194.0	208.0	363.0	618.0	1065.0	8925.0	9941.0
	14.0	15.0	16.0	17.0	18.0	19.0	20.0	21.0	22.0	23.0	24.0	25.0	26.0	27.0	28.0	29.0	30.0	31.0	32.0	33.0	34.0	35.0	36.0	37.0	38.0
Kakamega-101_S80_L001_R2_001	6.0	28.0	169.0	157.0	72.0	44.0	42.0	35.0	42.0	34.0	55.0	79.0	111.0	181.0	235.0	307.0	348.0	407.0	430.0	527.0	893.0	1366.0	3099.0	8479.0	4983.0
	16.0	17.0	18.0	19.0	20.0	21.0	22.0	23.0	24.0	25.0	26.0	27.0	28.0	29.0	30.0	31.0	32.0	33.0	34.0	35.0	36.0	37.0	38.0
Kakamega-102_S81_L001_R1_001	1.0	1.0	1.0	4.0	9.0	23.0	169.0	176.0	89.0	72.0	66.0	70.0	73.0	91.0	137.0	172.0	351.0	268.0	376.0	586.0	1450.0	9469.0	10736.0
	14.0	15.0	16.0	17.0	18.0	19.0	20.0	21.0	22.0	23.0	24.0	25.0	26.0	27.0	28.0	29.0	30.0	31.0	32.0	33.0	34.0	35.0	36.0	37.0	38.0
Kakamega-102_S81_L001_R2_001	4.0	36.0	265.0	192.0	92.0	76.0	61.0	47.0	56.0	72.0	94.0	127.0	171.0	211.0	362.0	495.0	616.0	601.0	633.0	740.0	1007.0	1481.0	3289.0	8308.0	5354.0
	17.0	18.0	19.0	20.0	21.0	22.0	23.0	24.0	25.0	26.0	27.0	28.0	29.0	30.0	31.0	32.0	33.0	34.0	35.0	36.0	37.0	38.0
Kakamega-103_S82_L001_R1_001	1.0	2.0	3.0	4.0	14.0	162.0	108.0	72.0	54.0	37.0	66.0	77.0	80.0	110.0	130.0	224.0	253.0	350.0	593.0	1307.0	11018.0	10845.0
	14.0	15.0	16.0	17.0	18.0	19.0	20.0	21.0	22.0	23.0	24.0	25.0	26.0	27.0	28.0	29.0	30.0	31.0	32.0	33.0	34.0	35.0	36.0	37.0	38.0
Kakamega-103_S82_L001_R2_001	7.0	52.0	229.0	148.0	89.0	65.0	56.0	48.0	60.0	63.0	80.0	109.0	110.0	149.0	219.0	316.0	488.0	617.0	838.0	1302.0	2019.0	2502.0	3753.0	8632.0	3559.0
	15.0	16.0	17.0	18.0	19.0	20.0	21.0	22.0	23.0	24.0	25.0	26.0	27.0	28.0	29.0	30.0	31.0	32.0	33.0	34.0	35.0	36.0	37.0	38.0
Kakamega-105_S83_L001_R1_001	1.0	0.0	1.0	4.0	4.0	3.0	20.0	246.0	228.0	105.0	60.0	63.0	57.0	94.0	117.0	577.0	697.0	244.0	231.0	334.0	639.0	1344.0	7590.0	7728.0
	14.0	15.0	16.0	17.0	18.0	19.0	20.0	21.0	22.0	23.0	24.0	25.0	26.0	27.0	28.0	29.0	30.0	31.0	32.0	33.0	34.0	35.0	36.0	37.0	38.0
Kakamega-105_S83_L001_R2_001	10.0	65.0	357.0	229.0	112.0	57.0	59.0	45.0	55.0	67.0	69.0	96.0	131.0	270.0	497.0	807.0	615.0	614.0	777.0	791.0	968.0	1119.0	2632.0	6477.0	3468.0
	17.0	18.0	19.0	20.0	21.0	22.0	23.0	24.0	25.0	26.0	27.0	28.0	29.0	30.0	31.0	32.0	33.0	34.0	35.0	36.0	37.0	38.0
Kakamega-106_S84_L001_R1_001	1.0	0.0	3.0	5.0	16.0	123.0	141.0	76.0	48.0	36.0	28.0	53.0	64.0	86.0	84.0	147.0	223.0	237.0	473.0	1071.0	5195.0	5681.0
	14.0	15.0	16.0	17.0	18.0	19.0	20.0	21.0	22.0	23.0	24.0	25.0	26.0	27.0	28.0	29.0	30.0	31.0	32.0	33.0	34.0	35.0	36.0	37.0	38.0
Kakamega-106_S84_L001_R2_001	4.0	30.0	209.0	135.0	72.0	48.0	32.0	26.0	30.0	51.0	53.0	72.0	75.0	152.0	205.0	286.0	351.0	405.0	482.0	514.0	657.0	979.0	1988.0	4674.0	2261.0
	16.0	17.0	18.0	19.0	20.0	21.0	22.0	23.0	24.0	25.0	26.0	27.0	28.0	29.0	30.0	31.0	32.0	33.0	34.0	35.0	36.0	37.0	38.0
Kakamega-108_S85_L001_R1_001	1.0	3.0	6.0	12.0	32.0	106.0	1324.0	1666.0	745.0	479.0	411.0	367.0	372.0	348.0	441.0	595.0	1061.0	932.0	1277.0	2130.0	4594.0	29248.0	30170.0
	13.0	14.0	15.0	16.0	17.0	18.0	19.0	20.0	21.0	22.0	23.0	24.0	25.0	26.0	27.0	28.0	29.0	30.0	31.0	32.0	33.0	34.0	35.0	36.0	37.0	38.0
Kakamega-108_S85_L001_R2_001	2.0	39.0	509.0	2530.0	1092.0	456.0	326.0	238.0	191.0	242.0	284.0	408.0	424.0	435.0	594.0	790.0	1218.0	1375.0	1459.0	2016.0	2574.0	3250.0	4523.0	10598.0	25863.0	14884.0
	17.0	18.0	19.0	20.0	21.0	22.0	23.0	24.0	25.0	26.0	27.0	28.0	29.0	30.0	31.0	32.0	33.0	34.0	35.0	36.0	37.0	38.0
Kakamega-111_S86_L001_R1_001	2.0	3.0	8.0	7.0	23.0	187.0	183.0	106.0	97.0	108.0	122.0	103.0	127.0	173.0	239.0	358.0	406.0	693.0	1138.0	3173.0	12697.0	16998.0
	14.0	15.0	16.0	17.0	18.0	19.0	20.0	21.0	22.0	23.0	24.0	25.0	26.0	27.0	28.0	29.0	30.0	31.0	32.0	33.0	34.0	35.0	36.0	37.0	38.0
Kakamega-111_S86_L001_R2_001	9.0	88.0	323.0	166.0	129.0	102.0	91.0	105.0	126.0	118.0	174.0	197.0	279.0	409.0	736.0	1247.0	1258.0	1139.0	1139.0	1241.0	1545.0	2415.0	6072.0	11657.0	6186.0
	17.0	18.0	19.0	20.0	21.0	22.0	23.0	24.0	25.0	26.0	27.0	28.0	29.0	30.0	31.0	32.0	33.0	34.0	35.0	36.0	37.0	38.0
Kakamega-114_S87_L001_R1_001	5.0	5.0	5.0	13.0	17.0	165.0	218.0	129.0	101.0	100.0	104.0	131.0	161.0	201.0	257.0	376.0	503.0	546.0	970.0	2517.0	15119.0	12132.0
	14.0	15.0	16.0	17.0	18.0	19.0	20.0	21.0	22.0	23.0	24.0	25.0	26.0	27.0	28.0	29.0	30.0	31.0	32.0	33.0	34.0	35.0	36.0	37.0	38.0
Kakamega-114_S87_L001_R2_001	12.0	87.0	305.0	204.0	134.0	107.0	94.0	92.0	115.0	115.0	162.0	173.0	243.0	330.0	455.0	706.0	966.0	1219.0	1655.0	2029.0	2241.0	2282.0	4150.0	11467.0	4432.0
	17.0	18.0	19.0	20.0	21.0	22.0	23.0	24.0	25.0	26.0	27.0	28.0	29.0	30.0	31.0	32.0	33.0	34.0	35.0	36.0	37.0	38.0
Kakamega-115_S88_L001_R1_001	1.0	1.0	4.0	8.0	8.0	25.0	35.0	41.0	34.0	56.0	66.0	76.0	118.0	137.0	201.0	349.0	335.0	513.0	947.0	1976.0	10699.0	19262.0
	14.0	15.0	16.0	17.0	18.0	19.0	20.0	21.0	22.0	23.0	24.0	25.0	26.0	27.0	28.0	29.0	30.0	31.0	32.0	33.0	34.0	35.0	36.0	37.0	38.0
Kakamega-115_S88_L001_R2_001	3.0	23.0	65.0	51.0	52.0	47.0	54.0	62.0	72.0	92.0	121.0	155.0	216.0	365.0	567.0	829.0	1028.0	1196.0	1221.0	1206.0	1312.0	1573.0	3794.0	13612.0	7176.0
	17.0	18.0	19.0	20.0	21.0	22.0	23.0	24.0	25.0	26.0	27.0	28.0	29.0	30.0	31.0	32.0	33.0	34.0	35.0	36.0	37.0	38.0
Kakamega-116_S89_L001_R1_001	1.0	0.0	1.0	7.0	22.0	213.0	353.0	156.0	98.0	104.0	79.0	82.0	83.0	121.0	175.0	332.0	310.0	425.0	855.0	1874.0	10047.0	17227.0
	14.0	15.0	16.0	17.0	18.0	19.0	20.0	21.0	22.0	23.0	24.0	25.0	26.0	27.0	28.0	29.0	30.0	31.0	32.0	33.0	34.0	35.0	36.0	37.0	38.0
Kakamega-116_S89_L001_R2_001	8.0	118.0	529.0	238.0	122.0	78.0	69.0	81.0	85.0	75.0	114.0	125.0	197.0	273.0	412.0	684.0	840.0	1026.0	1111.0	1133.0	1347.0	1906.0	4691.0	11493.0	5810.0
	17.0	18.0	19.0	20.0	21.0	22.0	23.0	24.0	25.0	26.0	27.0	28.0	29.0	30.0	31.0	32.0	33.0	34.0	35.0	36.0	37.0	38.0
Kakamega-91_S72_L001_R1_001	1.0	0.0	6.0	15.0	23.0	702.0	849.0	345.0	183.0	127.0	76.0	78.0	58.0	77.0	71.0	149.0	113.0	171.0	313.0	649.0	3177.0	4198.0
	13.0	14.0	15.0	16.0	17.0	18.0	19.0	20.0	21.0	22.0	23.0	24.0	25.0	26.0	27.0	28.0	29.0	30.0	31.0	32.0	33.0	34.0	35.0	36.0	37.0	38.0
Kakamega-91_S72_L001_R2_001	1.0	7.0	110.0	1105.0	777.0	226.0	103.0	53.0	40.0	29.0	38.0	31.0	35.0	74.0	90.0	177.0	225.0	349.0	366.0	338.0	298.0	318.0	476.0	1154.0	3286.0	1675.0
	16.0	17.0	18.0	19.0	20.0	21.0	22.0	23.0	24.0	25.0	26.0	27.0	28.0	29.0	30.0	31.0	32.0	33.0	34.0	35.0	36.0	37.0	38.0
Kakamega-92_S73_L001_R1_001	2.0	4.0	8.0	23.0	27.0	197.0	3222.0	3899.0	1465.0	842.0	561.0	397.0	319.0	284.0	241.0	286.0	475.0	466.0	611.0	998.0	2464.0	16469.0	17353.0
	13.0	14.0	15.0	16.0	17.0	18.0	19.0	20.0	21.0	22.0	23.0	24.0	25.0	26.0	27.0	28.0	29.0	30.0	31.0	32.0	33.0	34.0	35.0	36.0	37.0	38.0
Kakamega-92_S73_L001_R2_001	1.0	53.0	554.0	5373.0	3250.0	1045.0	484.0	281.0	203.0	146.0	154.0	151.0	162.0	151.0	231.0	313.0	440.0	617.0	795.0	1009.0	1444.0	1893.0	2633.0	5549.0	14732.0	8949.0
	17.0	18.0	19.0	20.0	21.0	22.0	23.0	24.0	25.0	26.0	27.0	28.0	29.0	30.0	31.0	32.0	33.0	34.0	35.0	36.0	37.0	38.0
Kakamega-93_S74_L001_R1_001	1.0	1.0	0.0	4.0	21.0	201.0	186.0	102.0	67.0	72.0	52.0	79.0	94.0	102.0	113.0	214.0	224.0	291.0	496.0	1127.0	7025.0	7928.0
	14.0	15.0	16.0	17.0	18.0	19.0	20.0	21.0	22.0	23.0	24.0	25.0	26.0	27.0	28.0	29.0	30.0	31.0	32.0	33.0	34.0	35.0	36.0	37.0	38.0
Kakamega-93_S74_L001_R2_001	6.0	47.0	283.0	228.0	105.0	81.0	45.0	48.0	68.0	52.0	85.0	113.0	92.0	137.0	202.0	266.0	337.0	430.0	542.0	660.0	901.0	1243.0	2829.0	6318.0	3282.0
	16.0	17.0	18.0	19.0	20.0	21.0	22.0	23.0	24.0	25.0	26.0	27.0	28.0	29.0	30.0	31.0	32.0	33.0	34.0	35.0	36.0	37.0	38.0
Kakamega-94_S75_L001_R1_001	1.0	1.0	4.0	8.0	19.0	118.0	1541.0	1843.0	723.0	402.0	306.0	220.0	188.0	159.0	195.0	205.0	370.0	323.0	416.0	753.0	1960.0	10525.0	6715.0
	13.0	14.0	15.0	16.0	17.0	18.0	19.0	20.0	21.0	22.0	23.0	24.0	25.0	26.0	27.0	28.0	29.0	30.0	31.0	32.0	33.0	34.0	35.0	36.0	37.0	38.0
Kakamega-94_S75_L001_R2_001	3.0	37.0	328.0	2512.0	1568.0	465.0	265.0	142.0	116.0	109.0	106.0	124.0	150.0	165.0	192.0	284.0	411.0	632.0	879.0	1144.0	1382.0	1629.0	1829.0	2898.0	7070.0	2555.0
	16.0	17.0	18.0	19.0	20.0	21.0	22.0	23.0	24.0	25.0	26.0	27.0	28.0	29.0	30.0	31.0	32.0	33.0	34.0	35.0	36.0	37.0	38.0
Kakamega-96_S76_L001_R1_001	1.0	1.0	2.0	3.0	6.0	9.0	23.0	34.0	23.0	30.0	25.0	41.0	56.0	67.0	84.0	161.0	312.0	270.0	355.0	617.0	1540.0	10258.0	9772.0
	13.0	14.0	15.0	16.0	17.0	18.0	19.0	20.0	21.0	22.0	23.0	24.0	25.0	26.0	27.0	28.0	29.0	30.0	31.0	32.0	33.0	34.0	35.0	36.0	37.0	38.0
Kakamega-96_S76_L001_R2_001	1.0	5.0	28.0	63.0	60.0	44.0	30.0	39.0	34.0	36.0	48.0	76.0	79.0	118.0	211.0	319.0	533.0	691.0	772.0	776.0	891.0	1298.0	2094.0	3666.0	8110.0	3668.0
	16.0	17.0	18.0	19.0	20.0	21.0	22.0	23.0	24.0	25.0	26.0	27.0	28.0	29.0	30.0	31.0	32.0	33.0	34.0	35.0	36.0	37.0	38.0
Kakamega-97_S77_L001_R1_001	2.0	2.0	1.0	9.0	14.0	98.0	1479.0	2050.0	798.0	477.0	310.0	224.0	164.0	155.0	171.0	183.0	309.0	319.0	392.0	626.0	1623.0	10564.0	8441.0
	13.0	14.0	15.0	16.0	17.0	18.0	19.0	20.0	21.0	22.0	23.0	24.0	25.0	26.0	27.0	28.0	29.0	30.0	31.0	32.0	33.0	34.0	35.0	36.0	37.0	38.0
Kakamega-97_S77_L001_R2_001	2.0	40.0	314.0	2763.0	1596.0	553.0	259.0	139.0	116.0	96.0	94.0	87.0	125.0	167.0	261.0	433.0	546.0	664.0	684.0	732.0	942.0	1375.0	1933.0	3309.0	8019.0	3162.0
	17.0	18.0	19.0	20.0	21.0	22.0	23.0	24.0	25.0	26.0	27.0	28.0	29.0	30.0	31.0	32.0	33.0	34.0	35.0	36.0	37.0	38.0
Kakamega-98_S78_L001_R1_001	1.0	3.0	5.0	4.0	42.0	549.0	679.0	237.0	146.0	113.0	78.0	71.0	59.0	89.0	134.0	274.0	244.0	257.0	526.0	1140.0	7338.0	7649.0
	13.0	14.0	15.0	16.0	17.0	18.0	19.0	20.0	21.0	22.0	23.0	24.0	25.0	26.0	27.0	28.0	29.0	30.0	31.0	32.0	33.0	34.0	35.0	36.0	37.0	38.0
Kakamega-98_S78_L001_R2_001	1.0	8.0	79.0	918.0	583.0	189.0	96.0	54.0	41.0	52.0	57.0	60.0	76.0	98.0	161.0	288.0	405.0	605.0	586.0	558.0	625.0	958.0	1532.0	2410.0	6269.0	2929.0
	17.0	18.0	19.0	20.0	21.0	22.0	23.0	24.0	25.0	26.0	27.0	28.0	29.0	30.0	31.0	32.0	33.0	34.0	35.0	36.0	37.0	38.0
Kakamega-99_S79_L001_R1_001	1.0	1.0	2.0	6.0	13.0	67.0	104.0	55.0	38.0	44.0	40.0	60.0	68.0	109.0	220.0	591.0	450.0	309.0	472.0	1022.0	6578.0	7603.0
	13.0	14.0	15.0	16.0	17.0	18.0	19.0	20.0	21.0	22.0	23.0	24.0	25.0	26.0	27.0	28.0	29.0	30.0	31.0	32.0	33.0	34.0	35.0	36.0	37.0	38.0
Kakamega-99_S79_L001_R2_001	1.0	12.0	41.0	137.0	122.0	55.0	44.0	39.0	28.0	53.0	46.0	56.0	90.0	132.0	186.0	356.0	511.0	694.0	570.0	434.0	525.0	632.0	995.0	2313.0	6535.0	3246.0
	17.0	18.0	19.0	20.0	21.0	22.0	23.0	24.0	25.0	26.0	27.0	28.0	29.0	30.0	31.0	32.0	33.0	34.0	35.0	36.0	37.0	38.0
Kilifi-Coast-61_S49_L001_R1_001	2.0	3.0	4.0	8.0	75.0	962.0	995.0	423.0	264.0	170.0	119.0	95.0	81.0	92.0	100.0	160.0	211.0	223.0	383.0	902.0	7004.0	6632.0
	14.0	15.0	16.0	17.0	18.0	19.0	20.0	21.0	22.0	23.0	24.0	25.0	26.0	27.0	28.0	29.0	30.0	31.0	32.0	33.0	34.0	35.0	36.0	37.0	38.0
Kilifi-Coast-61_S49_L001_R2_001	16.0	146.0	1460.0	902.0	303.0	173.0	81.0	48.0	56.0	56.0	49.0	75.0	65.0	109.0	130.0	169.0	245.0	313.0	384.0	454.0	669.0	960.0	2273.0	6260.0	3512.0
	16.0	17.0	18.0	19.0	20.0	21.0	22.0	23.0	24.0	25.0	26.0	27.0	28.0	29.0	30.0	31.0	32.0	33.0	34.0	35.0	36.0	37.0	38.0
Kilifi-Coast-62_S50_L001_R1_001	1.0	0.0	4.0	6.0	12.0	40.0	458.0	382.0	173.0	108.0	117.0	81.0	107.0	83.0	89.0	127.0	201.0	205.0	273.0	463.0	1019.0	5806.0	5851.0
	12.0	13.0	14.0	15.0	16.0	17.0	18.0	19.0	20.0	21.0	22.0	23.0	24.0	25.0	26.0	27.0	28.0	29.0	30.0	31.0	32.0	33.0	34.0	35.0	36.0	37.0	38.0
Kilifi-Coast-62_S50_L001_R2_001	1.0	0.0	4.0	88.0	635.0	370.0	121.0	109.0	59.0	46.0	59.0	70.0	78.0	101.0	95.0	121.0	170.0	216.0	301.0	354.0	450.0	645.0	889.0	1071.0	2202.0	5126.0	2225.0
	17.0	18.0	19.0	20.0	21.0	22.0	23.0	24.0	25.0	26.0	27.0	28.0	29.0	30.0	31.0	32.0	33.0	34.0	35.0	36.0	37.0	38.0
Kilifi-Coast-63_S51_L001_R1_001	4.0	1.0	4.0	9.0	35.0	435.0	477.0	195.0	131.0	122.0	80.0	99.0	88.0	113.0	163.0	233.0	259.0	329.0	530.0	1389.0	8811.0	7280.0
	14.0	15.0	16.0	17.0	18.0	19.0	20.0	21.0	22.0	23.0	24.0	25.0	26.0	27.0	28.0	29.0	30.0	31.0	32.0	33.0	34.0	35.0	36.0	37.0	38.0
Kilifi-Coast-63_S51_L001_R2_001	10.0	73.0	653.0	431.0	165.0	85.0	80.0	51.0	62.0	58.0	83.0	100.0	97.0	142.0	207.0	306.0	424.0	599.0	831.0	986.0	1137.0	1423.0	2708.0	6683.0	3393.0
	16.0	17.0	18.0	19.0	20.0	21.0	22.0	23.0	24.0	25.0	26.0	27.0	28.0	29.0	30.0	31.0	32.0	33.0	34.0	35.0	36.0	37.0	38.0
Kilifi-Coast-64_S52_L001_R1_001	1.0	1.0	0.0	2.0	6.0	7.0	16.0	11.0	12.0	14.0	24.0	25.0	43.0	37.0	52.0	75.0	142.0	134.0	250.0	365.0	969.0	5339.0	6500.0
	13.0	14.0	15.0	16.0	17.0	18.0	19.0	20.0	21.0	22.0	23.0	24.0	25.0	26.0	27.0	28.0	29.0	30.0	31.0	32.0	33.0	34.0	35.0	36.0	37.0	38.0
Kilifi-Coast-64_S52_L001_R2_001	2.0	3.0	7.0	17.0	21.0	14.0	13.0	17.0	14.0	18.0	30.0	39.0	51.0	88.0	146.0	286.0	394.0	469.0	442.0	403.0	432.0	593.0	814.0	1646.0	5018.0	3048.0
	18.0	19.0	20.0	21.0	22.0	23.0	24.0	25.0	26.0	27.0	28.0	29.0	30.0	31.0	32.0	33.0	34.0	35.0	36.0	37.0	38.0
Kilifi-Coast-65_S53_L001_R1_001	2.0	3.0	6.0	38.0	706.0	756.0	311.0	203.0	135.0	100.0	73.0	73.0	72.0	109.0	183.0	181.0	254.0	523.0	1059.0	5321.0	7326.0
	14.0	15.0	16.0	17.0	18.0	19.0	20.0	21.0	22.0	23.0	24.0	25.0	26.0	27.0	28.0	29.0	30.0	31.0	32.0	33.0	34.0	35.0	36.0	37.0	38.0
Kilifi-Coast-65_S53_L001_R2_001	13.0	105.0	1074.0	686.0	265.0	118.0	60.0	50.0	44.0	47.0	57.0	75.0	140.0	211.0	345.0	451.0	501.0	461.0	454.0	474.0	568.0	923.0	2153.0	5000.0	3159.0
	18.0	19.0	20.0	21.0	22.0	23.0	24.0	25.0	26.0	27.0	28.0	29.0	30.0	31.0	32.0	33.0	34.0	35.0	36.0	37.0	38.0
Kilifi-Coast-66_S54_L001_R1_001	1.0	1.0	6.0	31.0	573.0	571.0	251.0	142.0	81.0	64.0	65.0	64.0	64.0	95.0	196.0	182.0	182.0	318.0	931.0	5021.0	5620.0
	14.0	15.0	16.0	17.0	18.0	19.0	20.0	21.0	22.0	23.0	24.0	25.0	26.0	27.0	28.0	29.0	30.0	31.0	32.0	33.0	34.0	35.0	36.0	37.0	38.0
Kilifi-Coast-66_S54_L001_R2_001	2.0	69.0	784.0	594.0	182.0	103.0	46.0	34.0	30.0	43.0	41.0	70.0	107.0	158.0	244.0	318.0	415.0	461.0	491.0	443.0	652.0	916.0	1797.0	4366.0	2093.0
	18.0	19.0	20.0	21.0	22.0	23.0	24.0	25.0	26.0	27.0	28.0	29.0	30.0	31.0	32.0	33.0	34.0	35.0	36.0	37.0	38.0
Kilifi-Coast-67_S55_L001_R1_001	3.0	3.0	7.0	7.0	113.0	153.0	71.0	47.0	50.0	51.0	48.0	75.0	88.0	160.0	370.0	304.0	309.0	517.0	1275.0	7982.0	10908.0
	13.0	14.0	15.0	16.0	17.0	18.0	19.0	20.0	21.0	22.0	23.0	24.0	25.0	26.0	27.0	28.0	29.0	30.0	31.0	32.0	33.0	34.0	35.0	36.0	37.0	38.0
Kilifi-Coast-67_S55_L001_R2_001	2.0	4.0	34.0	208.0	153.0	66.0	50.0	35.0	34.0	43.0	50.0	57.0	80.0	118.0	203.0	259.0	464.0	667.0	747.0	752.0	706.0	806.0	1303.0	3093.0	7951.0	4656.0
	15.0	16.0	17.0	18.0	19.0	20.0	21.0	22.0	23.0	24.0	25.0	26.0	27.0	28.0	29.0	30.0	31.0	32.0	33.0	34.0	35.0	36.0	37.0	38.0
Kilifi-Coast-68_S56_L001_R1_001	1.0	0.0	1.0	2.0	1.0	5.0	13.0	134.0	136.0	69.0	36.0	29.0	32.0	39.0	44.0	65.0	102.0	229.0	132.0	159.0	311.0	662.0	4375.0	4332.0
	13.0	14.0	15.0	16.0	17.0	18.0	19.0	20.0	21.0	22.0	23.0	24.0	25.0	26.0	27.0	28.0	29.0	30.0	31.0	32.0	33.0	34.0	35.0	36.0	37.0	38.0
Kilifi-Coast-68_S56_L001_R2_001	1.0	2.0	25.0	185.0	128.0	57.0	43.0	25.0	11.0	32.0	24.0	41.0	40.0	55.0	70.0	116.0	166.0	227.0	295.0	314.0	405.0	486.0	626.0	1522.0	4024.0	1989.0
	16.0	17.0	18.0	19.0	20.0	21.0	22.0	23.0	24.0	25.0	26.0	27.0	28.0	29.0	30.0	31.0	32.0	33.0	34.0	35.0	36.0	37.0	38.0
Kilifi-Coast-69_S57_L001_R1_001	2.0	1.0	2.0	2.0	13.0	20.0	258.0	216.0	117.0	76.0	55.0	74.0	60.0	91.0	95.0	200.0	391.0	303.0	444.0	645.0	1468.0	11412.0	12849.0
	13.0	14.0	15.0	16.0	17.0	18.0	19.0	20.0	21.0	22.0	23.0	24.0	25.0	26.0	27.0	28.0	29.0	30.0	31.0	32.0	33.0	34.0	35.0	36.0	37.0	38.0
Kilifi-Coast-69_S57_L001_R2_001	2.0	9.0	38.0	369.0	235.0	98.0	78.0	54.0	50.0	46.0	58.0	80.0	83.0	124.0	239.0	304.0	395.0	567.0	598.0	646.0	708.0	999.0	1650.0	4454.0	10834.0	6076.0
	16.0	17.0	18.0	19.0	20.0	21.0	22.0	23.0	24.0	25.0	26.0	27.0	28.0	29.0	30.0	31.0	32.0	33.0	34.0	35.0	36.0	37.0	38.0
Kilifi-Coast-71_S58_L001_R1_001	1.0	1.0	2.0	1.0	4.0	23.0	134.0	107.0	55.0	58.0	46.0	38.0	34.0	45.0	71.0	146.0	300.0	227.0	220.0	319.0	867.0	6395.0	7613.0
	13.0	14.0	15.0	16.0	17.0	18.0	19.0	20.0	21.0	22.0	23.0	24.0	25.0	26.0	27.0	28.0	29.0	30.0	31.0	32.0	33.0	34.0	35.0	36.0	37.0	38.0
Kilifi-Coast-71_S58_L001_R2_001	1.0	7.0	43.0	163.0	102.0	57.0	42.0	36.0	34.0	29.0	44.0	63.0	63.0	89.0	122.0	135.0	234.0	294.0	380.0	409.0	551.0	838.0	1276.0	2810.0	5991.0	2894.0
	18.0	19.0	20.0	21.0	22.0	23.0	24.0	25.0	26.0	27.0	28.0	29.0	30.0	31.0	32.0	33.0	34.0	35.0	36.0	37.0	38.0
Kilifi-Coast-72_S59_L001_R1_001	1.0	0.0	4.0	17.0	116.0	77.0	57.0	42.0	39.0	46.0	51.0	59.0	155.0	184.0	156.0	169.0	245.0	380.0	911.0	5348.0	5937.0
	14.0	15.0	16.0	17.0	18.0	19.0	20.0	21.0	22.0	23.0	24.0	25.0	26.0	27.0	28.0	29.0	30.0	31.0	32.0	33.0	34.0	35.0	36.0	37.0	38.0
Kilifi-Coast-72_S59_L001_R2_001	3.0	23.0	150.0	95.0	51.0	51.0	31.0	31.0	38.0	42.0	55.0	51.0	100.0	154.0	188.0	312.0	314.0	344.0	375.0	503.0	584.0	850.0	1931.0	4972.0	2746.0
	17.0	18.0	19.0	20.0	21.0	22.0	23.0	24.0	25.0	26.0	27.0	28.0	29.0	30.0	31.0	32.0	33.0	34.0	35.0	36.0	37.0	38.0
Kilifi-Coast-73_S60_L001_R1_001	1.0	0.0	6.0	8.0	5.0	61.0	54.0	26.0	21.0	30.0	32.0	31.0	42.0	37.0	40.0	62.0	84.0	145.0	259.0	503.0	3142.0	1952.0
	14.0	15.0	16.0	17.0	18.0	19.0	20.0	21.0	22.0	23.0	24.0	25.0	26.0	27.0	28.0	29.0	30.0	31.0	32.0	33.0	34.0	35.0	36.0	37.0	38.0
Kilifi-Coast-73_S60_L001_R2_001	2.0	9.0	82.0	51.0	35.0	23.0	21.0	6.0	18.0	24.0	31.0	28.0	47.0	71.0	79.0	96.0	135.0	183.0	260.0	345.0	531.0	708.0	1032.0	1890.0	834.0
	16.0	17.0	18.0	19.0	20.0	21.0	22.0	23.0	24.0	25.0	26.0	27.0	28.0	29.0	30.0	31.0	32.0	33.0	34.0	35.0	36.0	37.0	38.0
Kilifi-Coast-74_S61_L001_R1_001	1.0	3.0	3.0	13.0	11.0	34.0	414.0	642.0	256.0	164.0	170.0	127.0	168.0	136.0	165.0	244.0	443.0	373.0	530.0	816.0	1890.0	12690.0	13092.0
	13.0	14.0	15.0	16.0	17.0	18.0	19.0	20.0	21.0	22.0	23.0	24.0	25.0	26.0	27.0	28.0	29.0	30.0	31.0	32.0	33.0	34.0	35.0	36.0	37.0	38.0
Kilifi-Coast-74_S61_L001_R2_001	1.0	2.0	91.0	780.0	504.0	167.0	129.0	70.0	88.0	85.0	84.0	144.0	151.0	156.0	211.0	254.0	372.0	488.0	664.0	825.0	1019.0	1443.0	2116.0	4462.0	11659.0	6420.0
	16.0	17.0	18.0	19.0	20.0	21.0	22.0	23.0	24.0	25.0	26.0	27.0	28.0	29.0	30.0	31.0	32.0	33.0	34.0	35.0	36.0	37.0	38.0
Kilifi-Coast-75_S62_L001_R1_001	4.0	2.0	5.0	5.0	12.0	62.0	775.0	913.0	381.0	234.0	186.0	144.0	149.0	143.0	150.0	220.0	302.0	364.0	481.0	894.0	2335.0	9578.0	9778.0
	14.0	15.0	16.0	17.0	18.0	19.0	20.0	21.0	22.0	23.0	24.0	25.0	26.0	27.0	28.0	29.0	30.0	31.0	32.0	33.0	34.0	35.0	36.0	37.0	38.0
Kilifi-Coast-75_S62_L001_R2_001	16.0	122.0	1241.0	781.0	268.0	158.0	87.0	100.0	102.0	105.0	147.0	157.0	181.0	302.0	564.0	767.0	870.0	818.0	864.0	943.0	1291.0	1735.0	3586.0	8366.0	3546.0
	15.0	16.0	17.0	18.0	19.0	20.0	21.0	22.0	23.0	24.0	25.0	26.0	27.0	28.0	29.0	30.0	31.0	32.0	33.0	34.0	35.0	36.0	37.0	38.0
Kilifi-Coast-76_S63_L001_R1_001	1.0	1.0	3.0	3.0	8.0	10.0	45.0	681.0	980.0	340.0	254.0	188.0	144.0	170.0	162.0	274.0	277.0	613.0	708.0	403.0	678.0	1583.0	10435.0	11934.0
	13.0	14.0	15.0	16.0	17.0	18.0	19.0	20.0	21.0	22.0	23.0	24.0	25.0	26.0	27.0	28.0	29.0	30.0	31.0	32.0	33.0	34.0	35.0	36.0	37.0	38.0
Kilifi-Coast-76_S63_L001_R2_001	1.0	10.0	128.0	1230.0	769.0	231.0	136.0	91.0	84.0	91.0	87.0	114.0	110.0	157.0	244.0	350.0	504.0	702.0	936.0	800.0	827.0	1161.0	1839.0	4151.0	10019.0	5123.0
	17.0	18.0	19.0	20.0	21.0	22.0	23.0	24.0	25.0	26.0	27.0	28.0	29.0	30.0	31.0	32.0	33.0	34.0	35.0	36.0	37.0	38.0
Kilifi-Coast-77_S64_L001_R1_001	2.0	1.0	2.0	6.0	11.0	35.0	19.0	38.0	40.0	51.0	80.0	84.0	113.0	148.0	246.0	548.0	419.0	512.0	887.0	2240.0	11385.0	17388.0
	14.0	15.0	16.0	17.0	18.0	19.0	20.0	21.0	22.0	23.0	24.0	25.0	26.0	27.0	28.0	29.0	30.0	31.0	32.0	33.0	34.0	35.0	36.0	37.0	38.0
Kilifi-Coast-77_S64_L001_R2_001	5.0	13.0	23.0	27.0	34.0	51.0	39.0	45.0	52.0	53.0	81.0	141.0	205.0	312.0	545.0	793.0	1016.0	1232.0	1083.0	995.0	1273.0	1942.0	4029.0	12964.0	7302.0
	16.0	17.0	18.0	19.0	20.0	21.0	22.0	23.0	24.0	25.0	26.0	27.0	28.0	29.0	30.0	31.0	32.0	33.0	34.0	35.0	36.0	37.0	38.0
Kilifi-Coast-78_S65_L001_R1_001	1.0	0.0	0.0	6.0	8.0	13.0	86.0	120.0	62.0	49.0	50.0	56.0	57.0	62.0	107.0	145.0	360.0	278.0	348.0	560.0	1219.0	7413.0	9733.0
	14.0	15.0	16.0	17.0	18.0	19.0	20.0	21.0	22.0	23.0	24.0	25.0	26.0	27.0	28.0	29.0	30.0	31.0	32.0	33.0	34.0	35.0	36.0	37.0	38.0
Kilifi-Coast-78_S65_L001_R2_001	3.0	22.0	151.0	95.0	67.0	43.0	40.0	54.0	50.0	44.0	83.0	110.0	163.0	213.0	385.0	507.0	632.0	692.0	546.0	621.0	806.0	1258.0	2673.0	7356.0	4119.0
	16.0	17.0	18.0	19.0	20.0	21.0	22.0	23.0	24.0	25.0	26.0	27.0	28.0	29.0	30.0	31.0	32.0	33.0	34.0	35.0	36.0	37.0	38.0
Kilifi-Coast-79_S66_L001_R1_001	2.0	3.0	2.0	10.0	22.0	63.0	922.0	1221.0	452.0	301.0	191.0	118.0	128.0	106.0	126.0	251.0	552.0	348.0	433.0	611.0	1574.0	9145.0	10859.0
	13.0	14.0	15.0	16.0	17.0	18.0	19.0	20.0	21.0	22.0	23.0	24.0	25.0	26.0	27.0	28.0	29.0	30.0	31.0	32.0	33.0	34.0	35.0	36.0	37.0	38.0
Kilifi-Coast-79_S66_L001_R2_001	1.0	20.0	156.0	1498.0	1060.0	343.0	160.0	109.0	74.0	67.0	85.0	81.0	105.0	150.0	209.0	375.0	572.0	887.0	968.0	894.0	949.0	1217.0	1978.0	3445.0	8248.0	3789.0
	15.0	16.0	17.0	18.0	19.0	20.0	21.0	22.0	23.0	24.0	25.0	26.0	27.0	28.0	29.0	30.0	31.0	32.0	33.0	34.0	35.0	36.0	37.0	38.0
Kilifi-Coast-84_S67_L001_R1_001	1.0	0.0	0.0	2.0	4.0	9.0	17.0	81.0	98.0	58.0	58.0	62.0	68.0	86.0	118.0	160.0	195.0	603.0	587.0	359.0	733.0	1238.0	10923.0	15884.0
	14.0	15.0	16.0	17.0	18.0	19.0	20.0	21.0	22.0	23.0	24.0	25.0	26.0	27.0	28.0	29.0	30.0	31.0	32.0	33.0	34.0	35.0	36.0	37.0	38.0
Kilifi-Coast-84_S67_L001_R2_001	4.0	16.0	123.0	98.0	43.0	59.0	49.0	48.0	60.0	60.0	62.0	86.0	160.0	232.0	274.0	374.0	592.0	704.0	533.0	592.0	909.0	1515.0	4110.0	13570.0	7071.0
	15.0	16.0	17.0	18.0	19.0	20.0	21.0	22.0	23.0	24.0	25.0	26.0	27.0	28.0	29.0	30.0	31.0	32.0	33.0	34.0	35.0	36.0	37.0	38.0
Kilifi-Coast-85_S68_L001_R1_001	1.0	0.0	1.0	1.0	7.0	8.0	16.0	117.0	129.0	65.0	66.0	60.0	67.0	93.0	79.0	99.0	176.0	446.0	343.0	371.0	678.0	1390.0	11251.0	14101.0
	12.0	13.0	14.0	15.0	16.0	17.0	18.0	19.0	20.0	21.0	22.0	23.0	24.0	25.0	26.0	27.0	28.0	29.0	30.0	31.0	32.0	33.0	34.0	35.0	36.0	37.0	38.0
Kilifi-Coast-85_S68_L001_R2_001	1.0	0.0	4.0	18.0	176.0	133.0	72.0	57.0	39.0	45.0	49.0	64.0	77.0	95.0	114.0	149.0	211.0	308.0	564.0	635.0	618.0	792.0	913.0	1541.0	4190.0	12590.0	6110.0
	17.0	18.0	19.0	20.0	21.0	22.0	23.0	24.0	25.0	26.0	27.0	28.0	29.0	30.0	31.0	32.0	33.0	34.0	35.0	36.0	37.0	38.0
Kilifi-Coast-86_S69_L001_R1_001	4.0	0.0	7.0	6.0	40.0	368.0	448.0	188.0	104.0	128.0	109.0	95.0	118.0	121.0	243.0	468.0	385.0	470.0	896.0	2081.0	11761.0	11224.0
	14.0	15.0	16.0	17.0	18.0	19.0	20.0	21.0	22.0	23.0	24.0	25.0	26.0	27.0	28.0	29.0	30.0	31.0	32.0	33.0	34.0	35.0	36.0	37.0	38.0
Kilifi-Coast-86_S69_L001_R2_001	6.0	82.0	573.0	377.0	136.0	70.0	71.0	76.0	82.0	97.0	131.0	139.0	194.0	301.0	395.0	573.0	719.0	847.0	859.0	990.0	1221.0	1737.0	3764.0	10415.0	5409.0
	18.0	19.0	20.0	21.0	22.0	23.0	24.0	25.0	26.0	27.0	28.0	29.0	30.0	31.0	32.0	33.0	34.0	35.0	36.0	37.0	38.0
Kilifi-Coast-87_S70_L001_R1_001	2.0	7.0	14.0	28.0	220.0	208.0	100.0	78.0	77.0	94.0	91.0	104.0	133.0	197.0	439.0	353.0	455.0	730.0	1527.0	13246.0	15909.0
	14.0	15.0	16.0	17.0	18.0	19.0	20.0	21.0	22.0	23.0	24.0	25.0	26.0	27.0	28.0	29.0	30.0	31.0	32.0	33.0	34.0	35.0	36.0	37.0	38.0
Kilifi-Coast-87_S70_L001_R2_001	5.0	55.0	303.0	201.0	101.0	76.0	86.0	73.0	77.0	89.0	99.0	91.0	154.0	183.0	223.0	327.0	443.0	660.0	708.0	890.0	1410.0	2448.0	5884.0	12621.0	6805.0
	19.0	20.0	21.0	22.0	23.0	24.0	25.0	26.0	27.0	28.0	29.0	30.0	31.0	32.0	33.0	34.0	35.0	36.0	37.0	38.0
Kilifi-Coast-88_S71_L001_R1_001	5.0	7.0	14.0	112.0	123.0	68.0	70.0	71.0	71.0	133.0	126.0	279.0	378.0	292.0	409.0	596.0	1058.0	2459.0	9927.0	9118.0
	14.0	15.0	16.0	17.0	18.0	19.0	20.0	21.0	22.0	23.0	24.0	25.0	26.0	27.0	28.0	29.0	30.0	31.0	32.0	33.0	34.0	35.0	36.0	37.0	38.0
Kilifi-Coast-88_S71_L001_R2_001	6.0	25.0	146.0	123.0	55.0	68.0	68.0	68.0	76.0	89.0	122.0	155.0	177.0	310.0	466.0	742.0	993.0	1447.0	1754.0	1648.0	1669.0	1785.0	3169.0	6024.0	4131.0
	19.0	20.0	21.0	22.0	23.0	24.0	25.0	26.0	27.0	28.0	29.0	30.0	31.0	32.0	33.0	34.0	35.0	36.0	37.0	38.0
Kwale-Coast-31_S26_L001_R1_001	6.0	11.0	41.0	441.0	515.0	194.0	135.0	123.0	89.0	103.0	117.0	129.0	129.0	225.0	240.0	440.0	556.0	1350.0	8803.0	8053.0
	13.0	14.0	15.0	16.0	17.0	18.0	19.0	20.0	21.0	22.0	23.0	24.0	25.0	26.0	27.0	28.0	29.0	30.0	31.0	32.0	33.0	34.0	35.0	36.0	37.0	38.0
Kwale-Coast-31_S26_L001_R2_001	2.0	6.0	139.0	753.0	301.0	152.0	97.0	80.0	82.0	90.0	97.0	124.0	123.0	133.0	191.0	221.0	296.0	364.0	436.0	568.0	899.0	1229.0	1801.0	3369.0	6797.0	3350.0
	18.0	19.0	20.0	21.0	22.0	23.0	24.0	25.0	26.0	27.0	28.0	29.0	30.0	31.0	32.0	33.0	34.0	35.0	36.0	37.0	38.0
Kwale-Coast-35_S27_L001_R1_001	4.0	6.0	17.0	43.0	770.0	1168.0	403.0	236.0	178.0	142.0	125.0	126.0	136.0	189.0	315.0	276.0	343.0	593.0	1355.0	8785.0	10489.0
	13.0	14.0	15.0	16.0	17.0	18.0	19.0	20.0	21.0	22.0	23.0	24.0	25.0	26.0	27.0	28.0	29.0	30.0	31.0	32.0	33.0	34.0	35.0	36.0	37.0	38.0
Kwale-Coast-35_S27_L001_R2_001	1.0	20.0	239.0	1665.0	642.0	232.0	136.0	106.0	70.0	85.0	71.0	93.0	112.0	128.0	181.0	213.0	311.0	425.0	531.0	618.0	879.0	1152.0	1539.0	3381.0	8175.0	4694.0
	14.0	15.0	16.0	17.0	18.0	19.0	20.0	21.0	22.0	23.0	24.0	25.0	26.0	27.0	28.0	29.0	30.0	31.0	32.0	33.0	34.0	35.0	36.0	37.0	38.0
Kwale-Coast-36_S28_L001_R1_001	1.0	0.0	0.0	1.0	0.0	4.0	4.0	17.0	36.0	48.0	28.0	55.0	66.0	79.0	79.0	99.0	141.0	167.0	304.0	321.0	460.0	798.0	1989.0	11153.0	15961.0
	14.0	15.0	16.0	17.0	18.0	19.0	20.0	21.0	22.0	23.0	24.0	25.0	26.0	27.0	28.0	29.0	30.0	31.0	32.0	33.0	34.0	35.0	36.0	37.0	38.0
Kwale-Coast-36_S28_L001_R2_001	5.0	26.0	56.0	45.0	35.0	35.0	35.0	52.0	74.0	87.0	124.0	143.0	151.0	276.0	430.0	650.0	871.0	880.0	909.0	900.0	1083.0	1750.0	3712.0	11997.0	7485.0
	18.0	19.0	20.0	21.0	22.0	23.0	24.0	25.0	26.0	27.0	28.0	29.0	30.0	31.0	32.0	33.0	34.0	35.0	36.0	37.0	38.0
Kwale-Coast-37_S29_L001_R1_001	2.0	5.0	6.0	7.0	72.0	91.0	63.0	37.0	30.0	38.0	47.0	50.0	71.0	107.0	227.0	172.0	237.0	461.0	1074.0	5601.0	7599.0
	13.0	14.0	15.0	16.0	17.0	18.0	19.0	20.0	21.0	22.0	23.0	24.0	25.0	26.0	27.0	28.0	29.0	30.0	31.0	32.0	33.0	34.0	35.0	36.0	37.0	38.0
Kwale-Coast-37_S29_L001_R2_001	1.0	3.0	39.0	146.0	65.0	53.0	36.0	34.0	40.0	47.0	56.0	54.0	91.0	118.0	227.0	336.0	427.0	553.0	540.0	471.0	477.0	649.0	940.0	2165.0	5226.0	3203.0
	17.0	18.0	19.0	20.0	21.0	22.0	23.0	24.0	25.0	26.0	27.0	28.0	29.0	30.0	31.0	32.0	33.0	34.0	35.0	36.0	37.0	38.0
Kwale-Coast-38_S30_L001_R1_001	3.0	2.0	4.0	10.0	47.0	617.0	815.0	308.0	187.0	147.0	122.0	84.0	100.0	122.0	222.0	453.0	274.0	366.0	560.0	1306.0	8525.0	10874.0
	14.0	15.0	16.0	17.0	18.0	19.0	20.0	21.0	22.0	23.0	24.0	25.0	26.0	27.0	28.0	29.0	30.0	31.0	32.0	33.0	34.0	35.0	36.0	37.0	38.0
Kwale-Coast-38_S30_L001_R2_001	12.0	184.0	1158.0	532.0	186.0	118.0	64.0	54.0	63.0	62.0	80.0	88.0	142.0	196.0	255.0	404.0	582.0	558.0	655.0	829.0	1105.0	1587.0	3243.0	8784.0	4207.0
	16.0	17.0	18.0	19.0	20.0	21.0	22.0	23.0	24.0	25.0	26.0	27.0	28.0	29.0	30.0	31.0	32.0	33.0	34.0	35.0	36.0	37.0	38.0
Kwale-Coast-39_S31_L001_R1_001	1.0	1.0	1.0	4.0	6.0	13.0	56.0	75.0	61.0	55.0	71.0	57.0	80.0	104.0	152.0	240.0	553.0	407.0	492.0	739.0	1751.0	9556.0	10597.0
	14.0	15.0	16.0	17.0	18.0	19.0	20.0	21.0	22.0	23.0	24.0	25.0	26.0	27.0	28.0	29.0	30.0	31.0	32.0	33.0	34.0	35.0	36.0	37.0	38.0
Kwale-Coast-39_S31_L001_R2_001	2.0	23.0	100.0	64.0	57.0	48.0	57.0	63.0	70.0	70.0	121.0	163.0	154.0	235.0	382.0	570.0	886.0	899.0	911.0	1011.0	1284.0	1727.0	3471.0	8536.0	4168.0
	17.0	18.0	19.0	20.0	21.0	22.0	23.0	24.0	25.0	26.0	27.0	28.0	29.0	30.0	31.0	32.0	33.0	34.0	35.0	36.0	37.0	38.0
Kwale-Coast-41_S32_L001_R1_001	1.0	2.0	4.0	1.0	12.0	55.0	60.0	53.0	32.0	45.0	45.0	60.0	84.0	99.0	143.0	260.0	243.0	332.0	510.0	1058.0	7530.0	7487.0
	13.0	14.0	15.0	16.0	17.0	18.0	19.0	20.0	21.0	22.0	23.0	24.0	25.0	26.0	27.0	28.0	29.0	30.0	31.0	32.0	33.0	34.0	35.0	36.0	37.0	38.0
Kwale-Coast-41_S32_L001_R2_001	1.0	4.0	21.0	85.0	55.0	52.0	40.0	32.0	43.0	55.0	73.0	66.0	112.0	169.0	189.0	238.0	363.0	414.0	371.0	386.0	477.0	695.0	1130.0	2683.0	7370.0	2992.0
	18.0	19.0	20.0	21.0	22.0	23.0	24.0	25.0	26.0	27.0	28.0	29.0	30.0	31.0	32.0	33.0	34.0	35.0	36.0	37.0	38.0
Kwale-Coast-42_S33_L001_R1_001	2.0	6.0	9.0	35.0	379.0	435.0	225.0	144.0	110.0	114.0	113.0	128.0	153.0	273.0	518.0	384.0	520.0	971.0	1854.0	11481.0	12550.0
	14.0	15.0	16.0	17.0	18.0	19.0	20.0	21.0	22.0	23.0	24.0	25.0	26.0	27.0	28.0	29.0	30.0	31.0	32.0	33.0	34.0	35.0	36.0	37.0	38.0
Kwale-Coast-42_S33_L001_R2_001	10.0	120.0	687.0	281.0	145.0	115.0	75.0	77.0	90.0	87.0	106.0	158.0	239.0	338.0	437.0	641.0	750.0	828.0	860.0	979.0	1254.0	1975.0	4094.0	9819.0	6239.0
	18.0	19.0	20.0	21.0	22.0	23.0	24.0	25.0	26.0	27.0	28.0	29.0	30.0	31.0	32.0	33.0	34.0	35.0	36.0	37.0	38.0
Kwale-Coast-43_S34_L001_R1_001	1.0	1.0	9.0	12.0	111.0	94.0	53.0	54.0	45.0	45.0	68.0	76.0	97.0	167.0	357.0	277.0	394.0	607.0	1378.0	9191.0	12128.0
	14.0	15.0	16.0	17.0	18.0	19.0	20.0	21.0	22.0	23.0	24.0	25.0	26.0	27.0	28.0	29.0	30.0	31.0	32.0	33.0	34.0	35.0	36.0	37.0	38.0
Kwale-Coast-43_S34_L001_R2_001	5.0	38.0	155.0	100.0	51.0	55.0	57.0	59.0	66.0	83.0	83.0	128.0	143.0	193.0	283.0	411.0	534.0	559.0	654.0	873.0	1116.0	1765.0	4133.0	8414.0	5207.0
	18.0	19.0	20.0	21.0	22.0	23.0	24.0	25.0	26.0	27.0	28.0	29.0	30.0	31.0	32.0	33.0	34.0	35.0	36.0	37.0	38.0
Kwale-Coast-45_S35_L001_R1_001	1.0	1.0	5.0	12.0	76.0	63.0	44.0	55.0	75.0	73.0	97.0	111.0	172.0	292.0	665.0	398.0	519.0	793.0	1857.0	12359.0	19563.0
	14.0	15.0	16.0	17.0	18.0	19.0	20.0	21.0	22.0	23.0	24.0	25.0	26.0	27.0	28.0	29.0	30.0	31.0	32.0	33.0	34.0	35.0	36.0	37.0	38.0
Kwale-Coast-45_S35_L001_R2_001	2.0	33.0	101.0	74.0	71.0	60.0	49.0	62.0	86.0	89.0	100.0	124.0	174.0	253.0	342.0	556.0	660.0	616.0	638.0	926.0	1378.0	2227.0	5363.0	14407.0	8840.0
	18.0	19.0	20.0	21.0	22.0	23.0	24.0	25.0	26.0	27.0	28.0	29.0	30.0	31.0	32.0	33.0	34.0	35.0	36.0	37.0	38.0
Kwale-Coast-46_S36_L001_R1_001	2.0	4.0	7.0	18.0	200.0	222.0	120.0	78.0	75.0	70.0	87.0	94.0	114.0	144.0	248.0	363.0	406.0	640.0	1416.0	10542.0	8923.0
	14.0	15.0	16.0	17.0	18.0	19.0	20.0	21.0	22.0	23.0	24.0	25.0	26.0	27.0	28.0	29.0	30.0	31.0	32.0	33.0	34.0	35.0	36.0	37.0	38.0
Kwale-Coast-46_S36_L001_R2_001	3.0	54.0	351.0	163.0	84.0	52.0	62.0	58.0	61.0	86.0	94.0	102.0	125.0	161.0	204.0	271.0	345.0	501.0	591.0	752.0	1096.0	1709.0	3689.0	9016.0	4143.0
	18.0	19.0	20.0	21.0	22.0	23.0	24.0	25.0	26.0	27.0	28.0	29.0	30.0	31.0	32.0	33.0	34.0	35.0	36.0	37.0	38.0
Kwale-Coast-47_S37_L001_R1_001	5.0	7.0	17.0	44.0	677.0	873.0	360.0	213.0	173.0	139.0	108.0	124.0	140.0	172.0	265.0	338.0	441.0	717.0	1582.0	9480.0	9633.0
	14.0	15.0	16.0	17.0	18.0	19.0	20.0	21.0	22.0	23.0	24.0	25.0	26.0	27.0	28.0	29.0	30.0	31.0	32.0	33.0	34.0	35.0	36.0	37.0	38.0
Kwale-Coast-47_S37_L001_R2_001	12.0	217.0	1273.0	614.0	167.0	109.0	84.0	75.0	72.0	89.0	107.0	127.0	143.0	181.0	257.0	367.0	449.0	542.0	664.0	916.0	1067.0	1581.0	3464.0	8599.0	4332.0
	17.0	18.0	19.0	20.0	21.0	22.0	23.0	24.0	25.0	26.0	27.0	28.0	29.0	30.0	31.0	32.0	33.0	34.0	35.0	36.0	37.0	38.0
Kwale-Coast-48_S38_L001_R1_001	1.0	2.0	1.0	6.0	33.0	267.0	260.0	137.0	95.0	100.0	106.0	109.0	133.0	160.0	201.0	337.0	345.0	491.0	763.0	1735.0	10916.0	13416.0
	13.0	14.0	15.0	16.0	17.0	18.0	19.0	20.0	21.0	22.0	23.0	24.0	25.0	26.0	27.0	28.0	29.0	30.0	31.0	32.0	33.0	34.0	35.0	36.0	37.0	38.0
Kwale-Coast-48_S38_L001_R2_001	2.0	7.0	75.0	419.0	177.0	98.0	81.0	79.0	95.0	97.0	109.0	168.0	162.0	187.0	237.0	286.0	385.0	494.0	576.0	816.0	1093.0	1557.0	2204.0	4798.0	9925.0	5487.0
	15.0	16.0	17.0	18.0	19.0	20.0	21.0	22.0	23.0	24.0	25.0	26.0	27.0	28.0	29.0	30.0	31.0	32.0	33.0	34.0	35.0	36.0	37.0	38.0
Kwale-Coast-51_S40_L001_R1_001	1.0	0.0	2.0	2.0	2.0	5.0	9.0	24.0	22.0	23.0	46.0	50.0	49.0	61.0	97.0	126.0	177.0	353.0	315.0	427.0	796.0	1957.0	11065.0	17027.0
	14.0	15.0	16.0	17.0	18.0	19.0	20.0	21.0	22.0	23.0	24.0	25.0	26.0	27.0	28.0	29.0	30.0	31.0	32.0	33.0	34.0	35.0	36.0	37.0	38.0
Kwale-Coast-51_S40_L001_R2_001	2.0	18.0	28.0	26.0	25.0	33.0	38.0	46.0	62.0	75.0	80.0	121.0	155.0	264.0	448.0	773.0	869.0	906.0	961.0	1007.0	1217.0	1838.0	4311.0	12078.0	7255.0
	18.0	19.0	20.0	21.0	22.0	23.0	24.0	25.0	26.0	27.0	28.0	29.0	30.0	31.0	32.0	33.0	34.0	35.0	36.0	37.0	38.0
Kwale-Coast-52_S41_L001_R1_001	1.0	2.0	2.0	14.0	144.0	194.0	95.0	57.0	51.0	60.0	38.0	55.0	67.0	95.0	165.0	152.0	228.0	390.0	866.0	5811.0	7678.0
	14.0	15.0	16.0	17.0	18.0	19.0	20.0	21.0	22.0	23.0	24.0	25.0	26.0	27.0	28.0	29.0	30.0	31.0	32.0	33.0	34.0	35.0	36.0	37.0	38.0
Kwale-Coast-52_S41_L001_R2_001	3.0	47.0	267.0	148.0	69.0	39.0	36.0	27.0	40.0	41.0	56.0	62.0	103.0	171.0	239.0	361.0	369.0	377.0	399.0	477.0	735.0	1138.0	2433.0	5546.0	2982.0
	16.0	17.0	18.0	19.0	20.0	21.0	22.0	23.0	24.0	25.0	26.0	27.0	28.0	29.0	30.0	31.0	32.0	33.0	34.0	35.0	36.0	37.0	38.0
Kwale-Coast-55_S44_L001_R1_001	1.0	0.0	0.0	2.0	7.0	20.0	122.0	109.0	56.0	68.0	65.0	61.0	86.0	109.0	149.0	191.0	341.0	330.0	571.0	1039.0	1844.0	10454.0	14080.0
	13.0	14.0	15.0	16.0	17.0	18.0	19.0	20.0	21.0	22.0	23.0	24.0	25.0	26.0	27.0	28.0	29.0	30.0	31.0	32.0	33.0	34.0	35.0	36.0	37.0	38.0
Kwale-Coast-55_S44_L001_R2_001	1.0	6.0	31.0	182.0	101.0	61.0	46.0	54.0	54.0	59.0	96.0	117.0	163.0	274.0	427.0	692.0	747.0	716.0	637.0	590.0	642.0	887.0	1510.0	3918.0	11600.0	6094.0
	16.0	17.0	18.0	19.0	20.0	21.0	22.0	23.0	24.0	25.0	26.0	27.0	28.0	29.0	30.0	31.0	32.0	33.0	34.0	35.0	36.0	37.0	38.0
Kwale-Coast-56_S45_L001_R1_001	1.0	1.0	5.0	4.0	11.0	39.0	427.0	435.0	217.0	128.0	120.0	122.0	133.0	156.0	199.0	277.0	514.0	470.0	756.0	1339.0	2712.0	14850.0	21773.0
	13.0	14.0	15.0	16.0	17.0	18.0	19.0	20.0	21.0	22.0	23.0	24.0	25.0	26.0	27.0	28.0	29.0	30.0	31.0	32.0	33.0	34.0	35.0	36.0	37.0	38.0
Kwale-Coast-56_S45_L001_R2_001	1.0	7.0	120.0	717.0	300.0	140.0	114.0	75.0	90.0	114.0	106.0	135.0	193.0	313.0	504.0	773.0	1102.0	1052.0	1058.0	1089.0	1135.0	1489.0	2405.0	5915.0	16015.0	9727.0
	16.0	17.0	18.0	19.0	20.0	21.0	22.0	23.0	24.0	25.0	26.0	27.0	28.0	29.0	30.0	31.0	32.0	33.0	34.0	35.0	36.0	37.0	38.0
Kwale-Coast-57_S46_L001_R1_001	1.0	1.0	1.0	3.0	4.0	25.0	315.0	227.0	117.0	106.0	100.0	110.0	109.0	140.0	177.0	334.0	738.0	430.0	542.0	854.0	2050.0	14298.0	14912.0
	14.0	15.0	16.0	17.0	18.0	19.0	20.0	21.0	22.0	23.0	24.0	25.0	26.0	27.0	28.0	29.0	30.0	31.0	32.0	33.0	34.0	35.0	36.0	37.0	38.0
Kwale-Coast-57_S46_L001_R2_001	10.0	91.0	417.0	182.0	101.0	84.0	54.0	109.0	89.0	108.0	138.0	128.0	225.0	289.0	428.0	797.0	620.0	724.0	963.0	1288.0	1636.0	2395.0	5386.0	13487.0	5845.0
	16.0	17.0	18.0	19.0	20.0	21.0	22.0	23.0	24.0	25.0	26.0	27.0	28.0	29.0	30.0	31.0	32.0	33.0	34.0	35.0	36.0	37.0	38.0
Kwale-Coast-58_S47_L001_R1_001	1.0	2.0	2.0	6.0	4.0	36.0	201.0	188.0	108.0	86.0	111.0	106.0	150.0	175.0	237.0	344.0	495.0	566.0	867.0	1420.0	3416.0	18216.0	27335.0
	14.0	15.0	16.0	17.0	18.0	19.0	20.0	21.0	22.0	23.0	24.0	25.0	26.0	27.0	28.0	29.0	30.0	31.0	32.0	33.0	34.0	35.0	36.0	37.0	38.0
Kwale-Coast-58_S47_L001_R2_001	10.0	65.0	289.0	150.0	108.0	81.0	96.0	102.0	114.0	142.0	177.0	245.0	399.0	614.0	866.0	1172.0	1297.0	1225.0	1255.0	1466.0	1892.0	2917.0	7675.0	19582.0	12133.0
	17.0	18.0	19.0	20.0	21.0	22.0	23.0	24.0	25.0	26.0	27.0	28.0	29.0	30.0	31.0	32.0	33.0	34.0	35.0	36.0	37.0	38.0
Kwale-Coast-59_S48_L001_R1_001	1.0	1.0	2.0	14.0	22.0	121.0	132.0	68.0	72.0	75.0	80.0	103.0	123.0	123.0	181.0	276.0	295.0	437.0	763.0	1684.0	6991.0	4675.0
	14.0	15.0	16.0	17.0	18.0	19.0	20.0	21.0	22.0	23.0	24.0	25.0	26.0	27.0	28.0	29.0	30.0	31.0	32.0	33.0	34.0	35.0	36.0	37.0	38.0
Kwale-Coast-59_S48_L001_R2_001	5.0	24.0	185.0	103.0	63.0	73.0	64.0	66.0	74.0	69.0	107.0	138.0	174.0	207.0	305.0	409.0	548.0	646.0	728.0	1105.0	1207.0	1648.0	2656.0	3860.0	1775.0
	19.0	20.0	21.0	22.0	23.0	24.0	25.0	26.0	27.0	28.0	29.0	30.0	31.0	32.0	33.0	34.0	35.0	36.0	37.0	38.0
Nairobi-11_S10_L001_R1_001	4.0	3.0	9.0	42.0	63.0	26.0	48.0	43.0	58.0	53.0	73.0	99.0	200.0	427.0	238.0	266.0	417.0	884.0	7848.0	8902.0
	14.0	15.0	16.0	17.0	18.0	19.0	20.0	21.0	22.0	23.0	24.0	25.0	26.0	27.0	28.0	29.0	30.0	31.0	32.0	33.0	34.0	35.0	36.0	37.0	38.0
Nairobi-11_S10_L001_R2_001	2.0	18.0	57.0	58.0	41.0	48.0	33.0	44.0	47.0	59.0	83.0	73.0	91.0	110.0	150.0	241.0	381.0	492.0	532.0	605.0	850.0	1352.0	3148.0	7945.0	3243.0
	16.0	17.0	18.0	19.0	20.0	21.0	22.0	23.0	24.0	25.0	26.0	27.0	28.0	29.0	30.0	31.0	32.0	33.0	34.0	35.0	36.0	37.0	38.0
Nairobi-12_S11_L001_R1_001	2.0	2.0	3.0	2.0	3.0	20.0	48.0	60.0	27.0	51.0	39.0	56.0	62.0	84.0	128.0	176.0	302.0	300.0	403.0	652.0	1470.0	10707.0	14341.0
	14.0	15.0	16.0	17.0	18.0	19.0	20.0	21.0	22.0	23.0	24.0	25.0	26.0	27.0	28.0	29.0	30.0	31.0	32.0	33.0	34.0	35.0	36.0	37.0	38.0
Nairobi-12_S11_L001_R2_001	3.0	23.0	72.0	62.0	66.0	57.0	58.0	48.0	59.0	66.0	70.0	118.0	144.0	186.0	222.0	309.0	470.0	620.0	689.0	871.0	1292.0	1985.0	4141.0	11811.0	5496.0
	14.0	15.0	16.0	17.0	18.0	19.0	20.0	21.0	22.0	23.0	24.0	25.0	26.0	27.0	28.0	29.0	30.0	31.0	32.0	33.0	34.0	35.0	36.0	37.0	38.0
Nairobi-13_S12_L001_R1_001	1.0	0.0	0.0	1.0	2.0	1.0	13.0	27.0	219.0	280.0	122.0	94.0	124.0	102.0	146.0	162.0	206.0	262.0	308.0	391.0	622.0	1205.0	2955.0	14789.0	18068.0
	13.0	14.0	15.0	16.0	17.0	18.0	19.0	20.0	21.0	22.0	23.0	24.0	25.0	26.0	27.0	28.0	29.0	30.0	31.0	32.0	33.0	34.0	35.0	36.0	37.0	38.0
Nairobi-13_S12_L001_R2_001	1.0	2.0	50.0	337.0	253.0	157.0	111.0	95.0	92.0	86.0	111.0	158.0	204.0	295.0	452.0	669.0	861.0	1037.0	1050.0	1063.0	1233.0	1658.0	2716.0	5596.0	14242.0	7571.0
	16.0	17.0	18.0	19.0	20.0	21.0	22.0	23.0	24.0	25.0	26.0	27.0	28.0	29.0	30.0	31.0	32.0	33.0	34.0	35.0	36.0	37.0	38.0
Nairobi-15_S13_L001_R1_001	2.0	0.0	2.0	5.0	6.0	17.0	217.0	248.0	113.0	71.0	46.0	41.0	43.0	32.0	38.0	65.0	91.0	81.0	133.0	203.0	508.0	2731.0	2516.0
	13.0	14.0	15.0	16.0	17.0	18.0	19.0	20.0	21.0	22.0	23.0	24.0	25.0	26.0	27.0	28.0	29.0	30.0	31.0	32.0	33.0	34.0	35.0	36.0	37.0	38.0
Nairobi-15_S13_L001_R2_001	1.0	5.0	40.0	354.0	195.0	97.0	46.0	32.0	24.0	18.0	18.0	50.0	44.0	57.0	59.0	65.0	114.0	130.0	165.0	212.0	292.0	366.0	527.0	966.0	2160.0	1172.0
	17.0	18.0	19.0	20.0	21.0	22.0	23.0	24.0	25.0	26.0	27.0	28.0	29.0	30.0	31.0	32.0	33.0	34.0	35.0	36.0	37.0	38.0
Nairobi-16_S14_L001_R1_001	1.0	0.0	2.0	3.0	16.0	231.0	219.0	85.0	55.0	46.0	38.0	29.0	33.0	31.0	35.0	62.0	65.0	87.0	148.0	349.0	2088.0	2734.0
	14.0	15.0	16.0	17.0	18.0	19.0	20.0	21.0	22.0	23.0	24.0	25.0	26.0	27.0	28.0	29.0	30.0	31.0	32.0	33.0	34.0	35.0	36.0	37.0	38.0
Nairobi-16_S14_L001_R2_001	1.0	44.0	346.0	173.0	87.0	42.0	24.0	28.0	26.0	20.0	34.0	42.0	40.0	40.0	47.0	62.0	88.0	120.0	156.0	243.0	330.0	467.0	1015.0	1939.0	943.0
	17.0	18.0	19.0	20.0	21.0	22.0	23.0	24.0	25.0	26.0	27.0	28.0	29.0	30.0	31.0	32.0	33.0	34.0	35.0	36.0	37.0	38.0
Nairobi-17_S15_L001_R1_001	1.0	4.0	7.0	16.0	52.0	721.0	859.0	352.0	217.0	130.0	111.0	109.0	121.0	225.0	146.0	255.0	606.0	307.0	552.0	1396.0	9266.0	7692.0
	13.0	14.0	15.0	16.0	17.0	18.0	19.0	20.0	21.0	22.0	23.0	24.0	25.0	26.0	27.0	28.0	29.0	30.0	31.0	32.0	33.0	34.0	35.0	36.0	37.0	38.0
Nairobi-17_S15_L001_R2_001	2.0	28.0	178.0	1211.0	697.0	226.0	150.0	83.0	68.0	69.0	60.0	111.0	106.0	101.0	159.0	261.0	415.0	601.0	908.0	1020.0	1181.0	1168.0	1351.0	2724.0	7174.0	3093.0
	18.0	19.0	20.0	21.0	22.0	23.0	24.0	25.0	26.0	27.0	28.0	29.0	30.0	31.0	32.0	33.0	34.0	35.0	36.0	37.0	38.0
Nairobi-18_S16_L001_R1_001	1.0	1.0	2.0	4.0	13.0	16.0	11.0	12.0	24.0	25.0	42.0	47.0	43.0	83.0	139.0	156.0	226.0	440.0	979.0	5700.0	8184.0
	15.0	16.0	17.0	18.0	19.0	20.0	21.0	22.0	23.0	24.0	25.0	26.0	27.0	28.0	29.0	30.0	31.0	32.0	33.0	34.0	35.0	36.0	37.0	38.0
Nairobi-18_S16_L001_R2_001	10.0	23.0	25.0	24.0	24.0	13.0	18.0	23.0	33.0	43.0	65.0	104.0	179.0	261.0	393.0	534.0	510.0	530.0	502.0	629.0	939.0	1835.0	6234.0	3197.0
	17.0	18.0	19.0	20.0	21.0	22.0	23.0	24.0	25.0	26.0	27.0	28.0	29.0	30.0	31.0	32.0	33.0	34.0	35.0	36.0	37.0	38.0
Nairobi-19_S17_L001_R1_001	1.0	1.0	1.0	7.0	8.0	73.0	83.0	54.0	31.0	25.0	26.0	37.0	44.0	43.0	70.0	138.0	139.0	170.0	354.0	813.0	4465.0	5492.0
	14.0	15.0	16.0	17.0	18.0	19.0	20.0	21.0	22.0	23.0	24.0	25.0	26.0	27.0	28.0	29.0	30.0	31.0	32.0	33.0	34.0	35.0	36.0	37.0	38.0
Nairobi-19_S17_L001_R2_001	2.0	20.0	124.0	76.0	37.0	38.0	20.0	30.0	29.0	30.0	64.0	69.0	118.0	148.0	245.0	319.0	328.0	338.0	315.0	355.0	476.0	794.0	1638.0	4367.0	2095.0
	18.0	19.0	20.0	21.0	22.0	23.0	24.0	25.0	26.0	27.0	28.0	29.0	30.0	31.0	32.0	33.0	34.0	35.0	36.0	37.0	38.0
Nairobi-1_S1_L001_R1_001	2.0	3.0	8.0	18.0	187.0	250.0	91.0	66.0	55.0	40.0	53.0	58.0	61.0	78.0	140.0	117.0	151.0	299.0	692.0	4040.0	4339.0
	14.0	15.0	16.0	17.0	18.0	19.0	20.0	21.0	22.0	23.0	24.0	25.0	26.0	27.0	28.0	29.0	30.0	31.0	32.0	33.0	34.0	35.0	36.0	37.0	38.0
Nairobi-1_S1_L001_R2_001	3.0	36.0	310.0	203.0	79.0	46.0	28.0	22.0	30.0	39.0	48.0	47.0	52.0	75.0	115.0	151.0	203.0	232.0	293.0	387.0	560.0	749.0	1485.0	3481.0	2074.0
	16.0	17.0	18.0	19.0	20.0	21.0	22.0	23.0	24.0	25.0	26.0	27.0	28.0	29.0	30.0	31.0	32.0	33.0	34.0	35.0	36.0	37.0	38.0
Nairobi-21_S18_L001_R1_001	1.0	0.0	0.0	1.0	2.0	27.0	199.0	245.0	105.0	63.0	47.0	52.0	49.0	49.0	73.0	96.0	195.0	167.0	236.0	375.0	1025.0	6937.0	7774.0
	14.0	15.0	16.0	17.0	18.0	19.0	20.0	21.0	22.0	23.0	24.0	25.0	26.0	27.0	28.0	29.0	30.0	31.0	32.0	33.0	34.0	35.0	36.0	37.0	38.0
Nairobi-21_S18_L001_R2_001	2.0	54.0	311.0	218.0	76.0	52.0	41.0	40.0	30.0	34.0	51.0	58.0	85.0	150.0	209.0	308.0	369.0	421.0	448.0	468.0	839.0	1388.0	2382.0	6995.0	2689.0
	18.0	19.0	20.0	21.0	22.0	23.0	24.0	25.0	26.0	27.0	28.0	29.0	30.0	31.0	32.0	33.0	34.0	35.0	36.0	37.0	38.0
Nairobi-22_S19_L001_R1_001	1.0	2.0	4.0	5.0	51.0	85.0	35.0	46.0	64.0	50.0	65.0	71.0	101.0	177.0	415.0	267.0	358.0	594.0	1425.0	7650.0	9038.0
	14.0	15.0	16.0	17.0	18.0	19.0	20.0	21.0	22.0	23.0	24.0	25.0	26.0	27.0	28.0	29.0	30.0	31.0	32.0	33.0	34.0	35.0	36.0	37.0	38.0
Nairobi-22_S19_L001_R2_001	2.0	16.0	91.0	79.0	52.0	43.0	40.0	56.0	60.0	67.0	105.0	107.0	146.0	239.0	358.0	473.0	700.0	720.0	712.0	774.0	1053.0	1426.0	2787.0	7109.0	3289.0
	17.0	18.0	19.0	20.0	21.0	22.0	23.0	24.0	25.0	26.0	27.0	28.0	29.0	30.0	31.0	32.0	33.0	34.0	35.0	36.0	37.0	38.0
Nairobi-23_S20_L001_R1_001	1.0	0.0	2.0	3.0	8.0	80.0	74.0	45.0	33.0	28.0	34.0	37.0	60.0	86.0	129.0	272.0	187.0	214.0	368.0	770.0	5181.0	6729.0
	15.0	16.0	17.0	18.0	19.0	20.0	21.0	22.0	23.0	24.0	25.0	26.0	27.0	28.0	29.0	30.0	31.0	32.0	33.0	34.0	35.0	36.0	37.0	38.0
Nairobi-23_S20_L001_R2_001	13.0	100.0	81.0	45.0	38.0	28.0	25.0	35.0	34.0	51.0	42.0	82.0	99.0	180.0	266.0	334.0	407.0	320.0	430.0	605.0	889.0	2087.0	5453.0	2697.0
	16.0	17.0	18.0	19.0	20.0	21.0	22.0	23.0	24.0	25.0	26.0	27.0	28.0	29.0	30.0	31.0	32.0	33.0	34.0	35.0	36.0	37.0	38.0
Nairobi-24_S21_L001_R1_001	1.0	1.0	1.0	4.0	4.0	20.0	225.0	164.0	93.0	68.0	77.0	76.0	94.0	93.0	132.0	193.0	359.0	349.0	487.0	905.0	2140.0	9218.0	13658.0
	14.0	15.0	16.0	17.0	18.0	19.0	20.0	21.0	22.0	23.0	24.0	25.0	26.0	27.0	28.0	29.0	30.0	31.0	32.0	33.0	34.0	35.0	36.0	37.0	38.0
Nairobi-24_S21_L001_R2_001	2.0	43.0	284.0	190.0	96.0	78.0	56.0	68.0	66.0	85.0	93.0	145.0	224.0	364.0	577.0	760.0	989.0	1109.0	1013.0	898.0	1034.0	1553.0	3701.0	8850.0	6084.0
	19.0	20.0	21.0	22.0	23.0	24.0	25.0	26.0	27.0	28.0	29.0	30.0	31.0	32.0	33.0	34.0	35.0	36.0	37.0	38.0
Nairobi-25_S22_L001_R1_001	2.0	1.0	10.0	33.0	24.0	27.0	28.0	42.0	34.0	43.0	58.0	63.0	120.0	202.0	221.0	216.0	443.0	1003.0	6900.0	8876.0
	14.0	15.0	16.0	17.0	18.0	19.0	20.0	21.0	22.0	23.0	24.0	25.0	26.0	27.0	28.0	29.0	30.0	31.0	32.0	33.0	34.0	35.0	36.0	37.0	38.0
Nairobi-25_S22_L001_R2_001	2.0	21.0	51.0	58.0	39.0	46.0	34.0	33.0	32.0	59.0	58.0	88.0	116.0	164.0	232.0	312.0	442.0	543.0	521.0	616.0	824.0	1331.0	2938.0	6568.0	3218.0
	17.0	18.0	19.0	20.0	21.0	22.0	23.0	24.0	25.0	26.0	27.0	28.0	29.0	30.0	31.0	32.0	33.0	34.0	35.0	36.0	37.0	38.0
Nairobi-27_S23_L001_R1_001	2.0	0.0	1.0	5.0	14.0	45.0	47.0	32.0	37.0	51.0	54.0	55.0	76.0	131.0	145.0	258.0	246.0	337.0	547.0	1311.0	12441.0	12891.0
	14.0	15.0	16.0	17.0	18.0	19.0	20.0	21.0	22.0	23.0	24.0	25.0	26.0	27.0	28.0	29.0	30.0	31.0	32.0	33.0	34.0	35.0	36.0	37.0	38.0
Nairobi-27_S23_L001_R2_001	3.0	13.0	67.0	85.0	70.0	39.0	45.0	50.0	43.0	64.0	61.0	81.0	99.0	110.0	210.0	254.0	337.0	509.0	788.0	1361.0	2433.0	3400.0	3935.0	9143.0	5526.0
	17.0	18.0	19.0	20.0	21.0	22.0	23.0	24.0	25.0	26.0	27.0	28.0	29.0	30.0	31.0	32.0	33.0	34.0	35.0	36.0	37.0	38.0
Nairobi-28_S24_L001_R1_001	3.0	3.0	6.0	19.0	73.0	1376.0	1247.0	516.0	339.0	234.0	178.0	169.0	182.0	171.0	173.0	306.0	396.0	507.0	719.0	1688.0	12078.0	15994.0
	13.0	14.0	15.0	16.0	17.0	18.0	19.0	20.0	21.0	22.0	23.0	24.0	25.0	26.0	27.0	28.0	29.0	30.0	31.0	32.0	33.0	34.0	35.0	36.0	37.0	38.0
Nairobi-28_S24_L001_R2_001	2.0	13.0	173.0	1920.0	1171.0	435.0	231.0	133.0	108.0	81.0	85.0	98.0	100.0	136.0	181.0	280.0	337.0	449.0	730.0	821.0	874.0	1207.0	1790.0	4319.0	13781.0	6922.0
	16.0	17.0	18.0	19.0	20.0	21.0	22.0	23.0	24.0	25.0	26.0	27.0	28.0	29.0	30.0	31.0	32.0	33.0	34.0	35.0	36.0	37.0	38.0
Nairobi-29_S25_L001_R1_001	1.0	1.0	0.0	7.0	7.0	28.0	352.0	478.0	202.0	147.0	96.0	99.0	96.0	80.0	84.0	134.0	217.0	207.0	315.0	563.0	1263.0	6297.0	6280.0
	14.0	15.0	16.0	17.0	18.0	19.0	20.0	21.0	22.0	23.0	24.0	25.0	26.0	27.0	28.0	29.0	30.0	31.0	32.0	33.0	34.0	35.0	36.0	37.0	38.0
Nairobi-29_S25_L001_R2_001	6.0	132.0	674.0	314.0	128.0	78.0	60.0	56.0	56.0	74.0	105.0	90.0	101.0	121.0	173.0	260.0	395.0	450.0	574.0	799.0	959.0	1153.0	2175.0	5056.0	2965.0
	17.0	18.0	19.0	20.0	21.0	22.0	23.0	24.0	25.0	26.0	27.0	28.0	29.0	30.0	31.0	32.0	33.0	34.0	35.0	36.0	37.0	38.0
Nairobi-2_S2_L001_R1_001	1.0	3.0	11.0	13.0	82.0	1290.0	1441.0	545.0	321.0	185.0	161.0	120.0	110.0	88.0	108.0	184.0	205.0	256.0	438.0	1131.0	5150.0	7542.0
	14.0	15.0	16.0	17.0	18.0	19.0	20.0	21.0	22.0	23.0	24.0	25.0	26.0	27.0	28.0	29.0	30.0	31.0	32.0	33.0	34.0	35.0	36.0	37.0	38.0
Nairobi-2_S2_L001_R2_001	23.0	242.0	1896.0	1221.0	437.0	229.0	132.0	90.0	78.0	58.0	78.0	71.0	97.0	156.0	217.0	341.0	400.0	517.0	577.0	627.0	827.0	1060.0	2176.0	5089.0	2746.0
	16.0	17.0	18.0	19.0	20.0	21.0	22.0	23.0	24.0	25.0	26.0	27.0	28.0	29.0	30.0	31.0	32.0	33.0	34.0	35.0	36.0	37.0	38.0
Nairobi-3_S3_L001_R1_001	2.0	1.0	1.0	4.0	7.0	19.0	303.0	409.0	154.0	83.0	68.0	65.0	72.0	73.0	75.0	102.0	219.0	214.0	222.0	416.0	1102.0	6087.0	6036.0
	13.0	14.0	15.0	16.0	17.0	18.0	19.0	20.0	21.0	22.0	23.0	24.0	25.0	26.0	27.0	28.0	29.0	30.0	31.0	32.0	33.0	34.0	35.0	36.0	37.0	38.0
Nairobi-3_S3_L001_R2_001	1.0	8.0	52.0	498.0	346.0	110.0	64.0	43.0	33.0	56.0	52.0	75.0	56.0	68.0	110.0	161.0	274.0	327.0	458.0	525.0	597.0	783.0	974.0	2136.0	5682.0	2245.0
	16.0	17.0	18.0	19.0	20.0	21.0	22.0	23.0	24.0	25.0	26.0	27.0	28.0	29.0	30.0	31.0	32.0	33.0	34.0	35.0	36.0	37.0	38.0
Nairobi-4_S4_L001_R1_001	2.0	1.0	2.0	3.0	5.0	7.0	16.0	31.0	27.0	33.0	32.0	45.0	69.0	77.0	99.0	121.0	203.0	239.0	325.0	513.0	1430.0	7526.0	7177.0
	14.0	15.0	16.0	17.0	18.0	19.0	20.0	21.0	22.0	23.0	24.0	25.0	26.0	27.0	28.0	29.0	30.0	31.0	32.0	33.0	34.0	35.0	36.0	37.0	38.0
Nairobi-4_S4_L001_R2_001	2.0	13.0	32.0	36.0	37.0	37.0	28.0	44.0	45.0	33.0	58.0	80.0	106.0	161.0	223.0	352.0	421.0	558.0	651.0	897.0	1034.0	1268.0	2047.0	7093.0	2727.0
	16.0	17.0	18.0	19.0	20.0	21.0	22.0	23.0	24.0	25.0	26.0	27.0	28.0	29.0	30.0	31.0	32.0	33.0	34.0	35.0	36.0	37.0	38.0
Nairobi-5_S5_L001_R1_001	1.0	0.0	0.0	2.0	8.0	15.0	236.0	407.0	187.0	89.0	88.0	54.0	56.0	59.0	60.0	123.0	246.0	211.0	259.0	468.0	1087.0	5848.0	6335.0
	14.0	15.0	16.0	17.0	18.0	19.0	20.0	21.0	22.0	23.0	24.0	25.0	26.0	27.0	28.0	29.0	30.0	31.0	32.0	33.0	34.0	35.0	36.0	37.0	38.0
Nairobi-5_S5_L001_R2_001	7.0	45.0	472.0	325.0	120.0	82.0	60.0	38.0	36.0	46.0	53.0	73.0	82.0	149.0	209.0	271.0	366.0	402.0	377.0	459.0	639.0	1012.0	2080.0	5612.0	2824.0
	15.0	16.0	17.0	18.0	19.0	20.0	21.0	22.0	23.0	24.0	25.0	26.0	27.0	28.0	29.0	30.0	31.0	32.0	33.0	34.0	35.0	36.0	37.0	38.0
Nairobi-6_S6_L001_R1_001	1.0	0.0	0.0	5.0	6.0	12.0	50.0	840.0	1141.0	393.0	227.0	150.0	137.0	98.0	95.0	121.0	128.0	276.0	239.0	363.0	618.0	1316.0	8748.0	12904.0
	13.0	14.0	15.0	16.0	17.0	18.0	19.0	20.0	21.0	22.0	23.0	24.0	25.0	26.0	27.0	28.0	29.0	30.0	31.0	32.0	33.0	34.0	35.0	36.0	37.0	38.0
Nairobi-6_S6_L001_R2_001	2.0	13.0	127.0	1391.0	917.0	330.0	150.0	85.0	61.0	67.0	73.0	73.0	86.0	116.0	203.0	309.0	357.0	535.0	656.0	594.0	695.0	829.0	1311.0	3169.0	10215.0	5504.0
	15.0	16.0	17.0	18.0	19.0	20.0	21.0	22.0	23.0	24.0	25.0	26.0	27.0	28.0	29.0	30.0	31.0	32.0	33.0	34.0	35.0	36.0	37.0	38.0
Nairobi-7_S7_L001_R1_001	1.0	1.0	1.0	0.0	2.0	9.0	18.0	87.0	168.0	69.0	63.0	60.0	73.0	71.0	109.0	156.0	270.0	759.0	634.0	397.0	755.0	1427.0	9253.0	12787.0
	14.0	15.0	16.0	17.0	18.0	19.0	20.0	21.0	22.0	23.0	24.0	25.0	26.0	27.0	28.0	29.0	30.0	31.0	32.0	33.0	34.0	35.0	36.0	37.0	38.0
Nairobi-7_S7_L001_R2_001	2.0	35.0	179.0	131.0	76.0	75.0	58.0	47.0	53.0	52.0	82.0	101.0	163.0	232.0	367.0	547.0	780.0	958.0	738.0	685.0	950.0	1462.0	3621.0	10583.0	5193.0
	17.0	18.0	19.0	20.0	21.0	22.0	23.0	24.0	25.0	26.0	27.0	28.0	29.0	30.0	31.0	32.0	33.0	34.0	35.0	36.0	37.0	38.0
Nairobi-8_S8_L001_R1_001	2.0	0.0	3.0	6.0	22.0	198.0	256.0	88.0	57.0	53.0	60.0	61.0	65.0	91.0	130.0	260.0	296.0	276.0	482.0	924.0	6728.0	8328.0
	14.0	15.0	16.0	17.0	18.0	19.0	20.0	21.0	22.0	23.0	24.0	25.0	26.0	27.0	28.0	29.0	30.0	31.0	32.0	33.0	34.0	35.0	36.0	37.0	38.0
Nairobi-8_S8_L001_R2_001	3.0	39.0	295.0	213.0	100.0	65.0	42.0	36.0	41.0	48.0	45.0	73.0	99.0	162.0	222.0	288.0	357.0	392.0	384.0	415.0	589.0	1018.0	2642.0	7390.0	3428.0
	17.0	18.0	19.0	20.0	21.0	22.0	23.0	24.0	25.0	26.0	27.0	28.0	29.0	30.0	31.0	32.0	33.0	34.0	35.0	36.0	37.0	38.0
Nairobi-9_S9_L001_R1_001	1.0	1.0	1.0	9.0	22.0	118.0	151.0	85.0	69.0	72.0	66.0	96.0	132.0	169.0	219.0	463.0	339.0	526.0	981.0	1992.0	10428.0	15910.0
	14.0	15.0	16.0	17.0	18.0	19.0	20.0	21.0	22.0	23.0	24.0	25.0	26.0	27.0	28.0	29.0	30.0	31.0	32.0	33.0	34.0	35.0	36.0	37.0	38.0
Nairobi-9_S9_L001_R2_001	2.0	29.0	193.0	164.0	97.0	59.0	60.0	58.0	65.0	77.0	99.0	155.0	222.0	339.0	502.0	677.0	817.0	915.0	826.0	783.0	1050.0	1702.0	4153.0	11493.0	7313.0

