Sample	FastQC_mqc-generalstats-fastqc-percent_duplicates	FastQC_mqc-generalstats-fastqc-percent_gc	FastQC_mqc-generalstats-fastqc-avg_sequence_length	FastQC_mqc-generalstats-fastqc-percent_fails	FastQC_mqc-generalstats-fastqc-total_sequences
Kakamega-101_S80_L001_R1_001	84.34633286637444	50.0	251.0	36.36363636363637	22129.0
Kakamega-101_S80_L001_R2_001	82.26761263500384	51.0	251.0	36.36363636363637	22129.0
Kakamega-102_S81_L001_R1_001	82.88642886428865	50.0	251.0	36.36363636363637	24390.0
Kakamega-102_S81_L001_R2_001	80.77490774907749	50.0	251.0	36.36363636363637	24390.0
Kakamega-103_S82_L001_R1_001	83.90043120344963	49.0	251.0	36.36363636363637	25510.0
Kakamega-103_S82_L001_R2_001	81.27793022344179	50.0	251.0	36.36363636363637	25510.0
Kakamega-105_S83_L001_R1_001	81.70893216265267	50.0	251.0	45.45454545454545	20387.0
Kakamega-105_S83_L001_R2_001	77.80938833570413	51.0	251.0	45.45454545454545	20387.0
Kakamega-106_S84_L001_R1_001	75.62178232180408	50.0	251.0	36.36363636363637	13791.0
Kakamega-106_S84_L001_R2_001	72.52556014792256	50.0	251.0	36.36363636363637	13791.0
Kakamega-108_S85_L001_R1_001	84.93186582809224	49.0	251.0	36.36363636363637	76320.0
Kakamega-108_S85_L001_R2_001	78.1564465408805	50.0	251.0	36.36363636363637	76320.0
Kakamega-111_S86_L001_R1_001	82.24134664826391	50.0	251.0	36.36363636363637	36951.0
Kakamega-111_S86_L001_R2_001	79.97618467700468	51.0	251.0	36.36363636363637	36951.0
Kakamega-114_S87_L001_R1_001	81.00074019245004	52.0	251.0	36.36363636363637	33775.0
Kakamega-114_S87_L001_R2_001	78.74463360473723	52.0	251.0	36.36363636363637	33775.0
Kakamega-115_S88_L001_R1_001	85.07394245099164	50.0	251.0	36.36363636363637	34892.0
Kakamega-115_S88_L001_R2_001	84.64404448011005	51.0	251.0	36.36363636363637	34892.0
Kakamega-116_S89_L001_R1_001	84.79963150621833	50.0	251.0	36.36363636363637	32565.0
Kakamega-116_S89_L001_R2_001	81.25594963918317	51.0	251.0	36.36363636363637	32565.0
Kakamega-91_S72_L001_R1_001	80.5289517617081	49.0	251.0	36.36363636363637	11381.0
Kakamega-91_S72_L001_R2_001	61.04911694930147	49.0	251.0	36.36363636363637	11381.0
Kakamega-92_S73_L001_R1_001	86.03520834568194	48.0	251.0	36.36363636363637	50613.0
Kakamega-92_S73_L001_R2_001	66.52045917056883	50.0	251.0	36.36363636363637	50613.0
Kakamega-93_S74_L001_R1_001	78.5163043478261	50.0	251.0	36.36363636363637	18400.0
Kakamega-93_S74_L001_R2_001	74.69021739130434	50.0	251.0	36.36363636363637	18400.0
Kakamega-94_S75_L001_R1_001	80.48527505093536	49.0	251.0	36.36363636363637	26995.0
Kakamega-94_S75_L001_R2_001	62.919059085015746	51.0	251.0	36.36363636363637	26995.0
Kakamega-96_S76_L001_R1_001	82.6720135078092	52.0	251.0	36.36363636363637	23690.0
Kakamega-96_S76_L001_R2_001	82.15280709159983	52.0	251.0	36.36363636363637	23690.0
Kakamega-97_S77_L001_R1_001	86.53338495653092	50.0	251.0	36.36363636363637	28411.0
Kakamega-97_S77_L001_R2_001	67.82232233993875	51.0	251.0	36.36363636363637	28411.0
Kakamega-98_S78_L001_R1_001	82.95651288318567	51.0	251.0	36.36363636363637	19638.0
Kakamega-98_S78_L001_R2_001	74.44240757714635	52.0	251.0	36.36363636363637	19638.0
Kakamega-99_S79_L001_R1_001	80.44586344031816	50.0	251.0	36.36363636363637	17853.0
Kakamega-99_S79_L001_R2_001	78.32857222875707	51.0	251.0	36.36363636363637	17853.0
Kilifi-Coast-61_S49_L001_R1_001	81.97059445737254	49.0	251.0	36.36363636363637	18908.0
Kilifi-Coast-61_S49_L001_R2_001	66.63845991114871	50.0	251.0	36.36363636363637	18908.0
Kilifi-Coast-62_S50_L001_R1_001	74.5995130078175	48.0	251.0	36.36363636363637	15606.0
Kilifi-Coast-62_S50_L001_R2_001	66.35909265667051	49.0	251.0	36.36363636363637	15606.0
Kilifi-Coast-63_S51_L001_R1_001	79.39577620628278	50.0	251.0	36.36363636363637	20787.0
Kilifi-Coast-63_S51_L001_R2_001	73.22846009525185	51.0	251.0	36.36363636363637	20787.0
Kilifi-Coast-64_S52_L001_R1_001	80.9982174688057	51.0	251.0	36.36363636363637	14025.0
Kilifi-Coast-64_S52_L001_R2_001	81.13368983957218	51.0	251.0	36.36363636363637	14025.0
Kilifi-Coast-65_S53_L001_R1_001	83.85338992772742	49.0	251.0	36.36363636363637	17434.0
Kilifi-Coast-65_S53_L001_R2_001	71.88826431111622	51.0	251.0	36.36363636363637	17434.0
Kilifi-Coast-66_S54_L001_R1_001	80.52424095718929	49.0	251.0	36.36363636363637	14459.0
Kilifi-Coast-66_S54_L001_R2_001	69.42388823570094	51.0	251.0	36.36363636363637	14459.0
Kilifi-Coast-67_S55_L001_R1_001	83.71855729559469	50.0	251.0	36.36363636363637	22541.0
Kilifi-Coast-67_S55_L001_R2_001	81.35841355751741	51.0	251.0	36.36363636363637	22541.0
Kilifi-Coast-68_S56_L001_R1_001	73.13227610230085	49.0	251.0	36.36363636363637	10909.0
Kilifi-Coast-68_S56_L001_R2_001	69.63058025483545	50.0	251.0	36.36363636363637	10909.0
Kilifi-Coast-69_S57_L001_R1_001	85.00382024032784	50.0	251.0	36.36363636363637	28794.0
Kilifi-Coast-69_S57_L001_R2_001	82.47898867819684	51.0	251.0	36.36363636363637	28794.0
Kilifi-Coast-71_S58_L001_R1_001	78.61974022864668	49.0	251.0	36.36363636363637	16707.0
Kilifi-Coast-71_S58_L001_R2_001	76.78218710720057	49.0	251.0	36.36363636363637	16707.0
Kilifi-Coast-72_S59_L001_R1_001	77.26882949835644	50.0	251.0	36.36363636363637	13994.0
Kilifi-Coast-72_S59_L001_R2_001	74.94640560240103	50.0	251.0	36.36363636363637	13994.0
Kilifi-Coast-73_S60_L001_R1_001	67.283290016817	52.0	251.0	36.36363636363637	6541.0
Kilifi-Coast-73_S60_L001_R2_001	64.31738266320134	52.0	251.0	36.36363636363637	6541.0
Kilifi-Coast-74_S61_L001_R1_001	79.39169368534816	49.0	251.0	36.36363636363637	32385.0
Kilifi-Coast-74_S61_L001_R2_001	74.54685811332408	50.0	251.0	36.36363636363637	32385.0
Kilifi-Coast-75_S62_L001_R1_001	78.85090533613601	49.0	251.0	36.36363636363637	27117.0
Kilifi-Coast-75_S62_L001_R2_001	69.46564885496183	50.0	251.0	36.36363636363637	27117.0
Kilifi-Coast-76_S63_L001_R1_001	80.38802475330323	49.0	251.0	36.36363636363637	29895.0
Kilifi-Coast-76_S63_L001_R2_001	72.53721358086636	49.0	251.0	36.36363636363637	29895.0
Kilifi-Coast-77_S64_L001_R1_001	84.09283316304189	50.0	251.0	36.36363636363637	34255.0
Kilifi-Coast-77_S64_L001_R2_001	84.18916946431177	51.0	251.0	36.36363636363637	34255.0
Kilifi-Coast-78_S65_L001_R1_001	82.43380118651424	50.0	251.0	36.36363636363637	20733.0
Kilifi-Coast-78_S65_L001_R2_001	80.89036801234747	50.0	251.0	36.36363636363637	20733.0
Kilifi-Coast-79_S66_L001_R1_001	83.59693877551021	49.0	251.0	36.36363636363637	27440.0
Kilifi-Coast-79_S66_L001_R2_001	72.23396501457727	50.0	251.0	36.36363636363637	27440.0
Kilifi-Coast-84_S67_L001_R1_001	85.8377998979071	50.0	251.0	36.36363636363637	31344.0
Kilifi-Coast-84_S67_L001_R2_001	84.75944359367024	50.0	251.0	36.36363636363637	31344.0
Kilifi-Coast-85_S68_L001_R1_001	83.2775240994419	50.0	251.0	36.36363636363637	29565.0
Kilifi-Coast-85_S68_L001_R2_001	82.21883984441062	50.0	251.0	36.36363636363637	29565.0
Kilifi-Coast-86_S69_L001_R1_001	80.15650628758885	50.0	251.0	36.36363636363637	29264.0
Kilifi-Coast-86_S69_L001_R2_001	75.84745762711864	50.0	251.0	36.36363636363637	29264.0
Kilifi-Coast-87_S70_L001_R1_001	84.72891920498648	50.0	251.0	36.36363636363637	34012.0
Kilifi-Coast-87_S70_L001_R2_001	82.15041749970598	50.0	251.0	36.36363636363637	34012.0
Kilifi-Coast-88_S71_L001_R1_001	82.07457734239216	51.0	251.0	36.36363636363637	25316.0
Kilifi-Coast-88_S71_L001_R2_001	79.96918944541002	51.0	251.0	36.36363636363637	25316.0
Kwale-Coast-31_S26_L001_R1_001	77.40552995391705	49.0	251.0	36.36363636363637	21700.0
Kwale-Coast-31_S26_L001_R2_001	70.94930875576037	50.0	251.0	36.36363636363637	21700.0
Kwale-Coast-35_S27_L001_R1_001	80.61792287637651	49.0	251.0	36.36363636363637	25699.0
Kwale-Coast-35_S27_L001_R2_001	70.11556869917118	50.0	251.0	36.36363636363637	25699.0
Kwale-Coast-36_S28_L001_R1_001	83.99610197730345	50.0	251.0	36.36363636363637	31811.0
Kwale-Coast-36_S28_L001_R2_001	83.9049385432712	51.0	251.0	36.36363636363637	31811.0
Kwale-Coast-37_S29_L001_R1_001	82.80302556729387	50.0	251.0	36.36363636363637	15997.0
Kwale-Coast-37_S29_L001_R2_001	80.69638057135712	51.0	251.0	36.36363636363637	15997.0
Kwale-Coast-38_S30_L001_R1_001	81.25099411484015	49.0	251.0	36.36363636363637	25148.0
Kwale-Coast-38_S30_L001_R2_001	73.26228725942421	50.0	251.0	36.36363636363637	25148.0
Kwale-Coast-39_S31_L001_R1_001	78.95261646458201	50.0	251.0	36.36363636363637	25072.0
Kwale-Coast-39_S31_L001_R2_001	77.7520740268028	51.0	251.0	36.36363636363637	25072.0
Kwale-Coast-41_S32_L001_R1_001	79.49878560388606	51.0	251.0	36.36363636363637	18116.0
Kwale-Coast-41_S32_L001_R2_001	78.4279090306911	51.0	251.0	36.36363636363637	18116.0
Kwale-Coast-42_S33_L001_R1_001	82.65030916984607	50.0	251.0	36.36363636363637	30404.0
Kwale-Coast-42_S33_L001_R2_001	78.40744638863308	50.0	251.0	36.36363636363637	30404.0
Kwale-Coast-43_S34_L001_R1_001	82.53129346314326	49.0	251.0	36.36363636363637	25165.0
Kwale-Coast-43_S34_L001_R2_001	80.58811841843831	50.0	251.0	36.36363636363637	25165.0
Kwale-Coast-45_S35_L001_R1_001	86.31248153420536	49.0	251.0	36.36363636363637	37231.0
Kwale-Coast-45_S35_L001_R2_001	85.81826972146867	49.0	251.0	36.36363636363637	37231.0
Kwale-Coast-46_S36_L001_R1_001	78.6396331973247	51.0	251.0	36.36363636363637	23773.0
Kwale-Coast-46_S36_L001_R2_001	75.77503890968745	51.0	251.0	36.36363636363637	23773.0
Kwale-Coast-47_S37_L001_R1_001	80.06899796142386	49.0	251.0	36.36363636363637	25508.0
Kwale-Coast-47_S37_L001_R2_001	70.16622236161204	50.0	251.0	36.36363636363637	25508.0
Kwale-Coast-48_S38_L001_R1_001	79.95542648747214	49.0	251.0	45.45454545454545	29614.0
Kwale-Coast-48_S38_L001_R2_001	76.99061254811913	49.0	251.0	45.45454545454545	29614.0
Kwale-Coast-51_S40_L001_R1_001	85.81627650447359	50.0	251.0	36.36363636363637	32636.0
Kwale-Coast-51_S40_L001_R2_001	85.7856354945459	51.0	251.0	36.36363636363637	32636.0
Kwale-Coast-52_S41_L001_R1_001	83.89112279616455	50.0	251.0	36.36363636363637	16165.0
Kwale-Coast-52_S41_L001_R2_001	80.8598824621095	51.0	251.0	36.36363636363637	16165.0
Kwale-Coast-55_S44_L001_R1_001	84.72311058744319	50.0	251.0	36.36363636363637	29705.0
Kwale-Coast-55_S44_L001_R2_001	83.54149133142569	51.0	251.0	36.36363636363637	29705.0
Kwale-Coast-56_S45_L001_R1_001	87.82026896999261	50.0	251.0	36.36363636363637	44689.0
Kwale-Coast-56_S45_L001_R2_001	84.90903801830429	50.0	251.0	36.36363636363637	44689.0
Kwale-Coast-57_S46_L001_R1_001	83.37360229252121	50.0	251.0	36.36363636363637	35594.0
Kwale-Coast-57_S46_L001_R2_001	80.79732539191998	50.0	251.0	36.36363636363637	35594.0
Kwale-Coast-58_S47_L001_R1_001	88.1491344873502	50.0	251.0	36.36363636363637	54072.0
Kwale-Coast-58_S47_L001_R2_001	86.91189525077674	51.0	251.0	36.36363636363637	54072.0
Kwale-Coast-59_S48_L001_R1_001	68.24311841862183	49.0	251.0	45.45454545454545	16239.0
Kwale-Coast-59_S48_L001_R2_001	65.28111336904982	50.0	251.0	45.45454545454545	16239.0
Nairobi-11_S10_L001_R1_001	80.50043140638482	49.0	251.0	36.36363636363637	19703.0
Nairobi-11_S10_L001_R2_001	79.44475460589757	50.0	251.0	36.36363636363637	19703.0
Nairobi-12_S11_L001_R1_001	84.06247840210105	50.0	251.0	36.36363636363637	28938.0
Nairobi-12_S11_L001_R2_001	83.43009192065796	50.0	251.0	36.36363636363637	28938.0
Nairobi-13_S12_L001_R1_001	83.38154613466334	50.0	251.0	36.36363636363637	40100.0
Nairobi-13_S12_L001_R2_001	81.27680798004988	50.0	251.0	36.36363636363637	40100.0
Nairobi-15_S13_L001_R1_001	67.60993202940767	48.0	251.0	36.36363636363637	7209.0
Nairobi-15_S13_L001_R2_001	57.9692051602164	49.0	251.0	36.36363636363637	7209.0
Nairobi-16_S14_L001_R1_001	73.80840018876829	47.0	251.0	36.36363636363637	6357.0
Nairobi-16_S14_L001_R2_001	62.81264747522417	48.0	251.0	36.36363636363637	6357.0
Nairobi-17_S15_L001_R1_001	84.13048174551739	51.0	251.0	36.36363636363637	23145.0
Nairobi-17_S15_L001_R2_001	73.47591272413048	52.0	251.0	36.36363636363637	23145.0
Nairobi-18_S16_L001_R1_001	83.2115432251672	51.0	251.0	36.36363636363637	16148.0
Nairobi-18_S16_L001_R2_001	83.5459499628437	52.0	251.0	36.36363636363637	16148.0
Nairobi-19_S17_L001_R1_001	82.15320910973085	51.0	251.0	36.36363636363637	12075.0
Nairobi-19_S17_L001_R2_001	80.12422360248448	51.0	251.0	36.36363636363637	12075.0
Nairobi-1_S1_L001_R1_001	74.24637141793822	49.0	251.0	36.36363636363637	10748.0
Nairobi-1_S1_L001_R2_001	68.27316710085597	49.0	251.0	36.36363636363637	10748.0
Nairobi-21_S18_L001_R1_001	80.7032396433006	51.0	251.0	36.36363636363637	17718.0
Nairobi-21_S18_L001_R2_001	77.39586860819506	51.0	251.0	36.36363636363637	17718.0
Nairobi-22_S19_L001_R1_001	78.34568864611784	49.0	251.0	36.36363636363637	20504.0
Nairobi-22_S19_L001_R2_001	77.07764338665626	50.0	251.0	36.36363636363637	20504.0
Nairobi-23_S20_L001_R1_001	78.66954884596612	49.0	251.0	36.36363636363637	14341.0
Nairobi-23_S20_L001_R2_001	76.57067150129001	50.0	251.0	36.36363636363637	14341.0
Nairobi-24_S21_L001_R1_001	84.7718778647486	50.0	251.0	36.36363636363637	28362.0
Nairobi-24_S21_L001_R2_001	82.52944080107186	50.0	251.0	36.36363636363637	28362.0
Nairobi-25_S22_L001_R1_001	80.99313201787857	49.0	251.0	36.36363636363637	18346.0
Nairobi-25_S22_L001_R2_001	80.14281042189033	50.0	251.0	36.36363636363637	18346.0
Nairobi-27_S23_L001_R1_001	87.57223421290817	49.0	251.0	36.36363636363637	28726.0
Nairobi-27_S23_L001_R2_001	86.96303000765857	50.0	251.0	36.36363636363637	28726.0
Nairobi-28_S24_L001_R1_001	85.69425736042004	49.0	251.0	45.45454545454545	36377.0
Nairobi-28_S24_L001_R2_001	75.06666300134701	49.0	251.0	45.45454545454545	36377.0
Nairobi-29_S25_L001_R1_001	73.6168455821635	49.0	251.0	36.36363636363637	16954.0
Nairobi-29_S25_L001_R2_001	66.20266603751327	50.0	251.0	36.36363636363637	16954.0
Nairobi-2_S2_L001_R1_001	81.4650502966211	48.0	251.0	36.36363636363637	19385.0
Nairobi-2_S2_L001_R2_001	61.42893990198608	49.0	251.0	36.36363636363637	19385.0
Nairobi-3_S3_L001_R1_001	77.3674844286259	50.0	251.0	36.36363636363637	15734.0
Nairobi-3_S3_L001_R2_001	70.45252319816957	51.0	251.0	36.36363636363637	15734.0
Nairobi-4_S4_L001_R1_001	78.06817549908247	51.0	251.0	36.36363636363637	17983.0
Nairobi-4_S4_L001_R2_001	77.80681754990825	52.0	251.0	36.36363636363637	17983.0
Nairobi-5_S5_L001_R1_001	81.25512974303933	50.0	251.0	36.36363636363637	15839.0
Nairobi-5_S5_L001_R2_001	74.96054043815897	50.0	251.0	36.36363636363637	15839.0
Nairobi-6_S6_L001_R1_001	86.39658389550739	49.0	251.0	36.36363636363637	27868.0
Nairobi-6_S6_L001_R2_001	76.43174967704894	50.0	251.0	36.36363636363637	27868.0
Nairobi-7_S7_L001_R1_001	83.58483621641517	50.0	251.0	36.36363636363637	27170.0
Nairobi-7_S7_L001_R2_001	82.09422156790578	50.0	251.0	36.36363636363637	27170.0
Nairobi-8_S8_L001_R1_001	81.69803111062765	50.0	251.0	36.36363636363637	18386.0
Nairobi-8_S8_L001_R2_001	78.15729359295116	50.0	251.0	36.36363636363637	18386.0
Nairobi-9_S9_L001_R1_001	85.70800627943485	50.0	251.0	36.36363636363637	31850.0
Nairobi-9_S9_L001_R2_001	83.83359497645212	50.0	251.0	36.36363636363637	31850.0
