	37	42	47	52	57	62	67	72	77	82	87	92	97	102	107	112	117	122	127	132	137	142	147	152	157	162	167	172	177	182	187	192	197	202	207	212	217	222	227	232	237	242	247	251
Kakamega-101_S80_L001_paired_trim_R1	3.0	7.0	3.0	3.0	1.0	2.0	2.0	9.0	18.0	12.0	4.0	6.0	5.0	9.0	8.0	5.0	22.0	5.0	4.0	2.0	8.0	6.0	8.0	9.0	10.0	8.0	12.0	11.0	11.0	13.0	11.0	17.0	10.0	11.0	13.0	16.0	12.0	18.0	19.0	12.0	20.0	19.0	98.0	20061.0
	37	42	47	52	57	62	67	72	77	82	87	92	97	102	107	112	117	122	127	132	137	142	147	152	157	162	167	172	177	182	187	192	197	202	207	212	217	222	227	232	237	242	247	251
Kakamega-101_S80_L001_paired_trim_R2	29.0	57.0	21.0	31.0	20.0	15.0	16.0	11.0	14.0	14.0	9.0	12.0	16.0	18.0	28.0	26.0	31.0	19.0	9.0	19.0	19.0	24.0	22.0	26.0	17.0	35.0	49.0	26.0	51.0	79.0	71.0	49.0	68.0	67.0	53.0	91.0	104.0	175.0	161.0	175.0	190.0	258.0	575.0	17763.0
	37	42	47	52	57	62	67	72	77	82	87	92	97	102	107	112	117	122	127	132	137	142	147	152	157	162	167	172	177	182	187	192	197	202	207	212	217	222	227	232	237	242	247	251
Kakamega-102_S81_L001_paired_trim_R1	3.0	10.0	2.0	8.0	4.0	2.0	1.0	14.0	22.0	9.0	3.0	5.0	5.0	17.0	16.0	10.0	16.0	13.0	12.0	4.0	11.0	11.0	9.0	14.0	8.0	6.0	10.0	13.0	12.0	14.0	21.0	14.0	10.0	12.0	8.0	12.0	8.0	28.0	19.0	16.0	19.0	27.0	98.0	21828.0
	37	42	47	52	57	62	67	72	77	82	87	92	97	102	107	112	117	122	127	132	137	142	147	152	157	162	167	172	177	182	187	192	197	202	207	212	217	222	227	232	237	242	247	251
Kakamega-102_S81_L001_paired_trim_R2	37.0	55.0	31.0	37.0	25.0	13.0	23.0	19.0	12.0	16.0	9.0	18.0	25.0	39.0	31.0	47.0	47.0	19.0	16.0	28.0	21.0	34.0	39.0	37.0	28.0	35.0	42.0	54.0	84.0	107.0	109.0	62.0	71.0	120.0	80.0	121.0	146.0	248.0	203.0	258.0	286.0	321.0	723.0	18628.0
	37	42	47	52	57	62	67	72	77	82	87	92	97	102	107	112	117	122	127	132	137	142	147	152	157	162	167	172	177	182	187	192	197	202	207	212	217	222	227	232	237	242	247	251
Kakamega-103_S82_L001_paired_trim_R1	4.0	4.0	5.0	5.0	1.0	5.0	4.0	3.0	16.0	7.0	4.0	9.0	12.0	5.0	10.0	6.0	12.0	9.0	5.0	4.0	4.0	17.0	8.0	11.0	7.0	6.0	10.0	8.0	8.0	14.0	17.0	20.0	12.0	16.0	13.0	10.0	6.0	24.0	25.0	33.0	21.0	21.0	142.0	23305.0
	37	42	47	52	57	62	67	72	77	82	87	92	97	102	107	112	117	122	127	132	137	142	147	152	157	162	167	172	177	182	187	192	197	202	207	212	217	222	227	232	237	242	247	251
Kakamega-103_S82_L001_paired_trim_R2	38.0	63.0	37.0	40.0	30.0	17.0	22.0	12.0	10.0	24.0	12.0	33.0	31.0	23.0	23.0	22.0	33.0	13.0	16.0	16.0	17.0	25.0	42.0	32.0	13.0	20.0	35.0	51.0	68.0	79.0	106.0	83.0	69.0	105.0	100.0	152.0	209.0	276.0	313.0	497.0	600.0	539.0	1042.0	18900.0
	37	42	47	52	57	62	67	72	77	82	87	92	97	102	107	112	117	122	127	132	137	142	147	152	157	162	167	172	177	182	187	192	197	202	207	212	217	222	227	232	237	242	247	251
Kakamega-105_S83_L001_paired_trim_R1	3.0	4.0	2.0	2.0	3.0	2.0	5.0	11.0	20.0	6.0	10.0	7.0	7.0	14.0	13.0	9.0	12.0	5.0	10.0	2.0	7.0	9.0	8.0	11.0	7.0	10.0	9.0	17.0	16.0	12.0	19.0	20.0	9.0	16.0	13.0	9.0	18.0	26.0	28.0	20.0	19.0	19.0	116.0	16550.0
	37	42	47	52	57	62	67	72	77	82	87	92	97	102	107	112	117	122	127	132	137	142	147	152	157	162	167	172	177	182	187	192	197	202	207	212	217	222	227	232	237	242	247	251
Kakamega-105_S83_L001_paired_trim_R2	36.0	67.0	19.0	29.0	19.0	11.0	9.0	18.0	14.0	15.0	10.0	9.0	18.0	22.0	20.0	20.0	16.0	17.0	12.0	17.0	18.0	22.0	20.0	37.0	30.0	55.0	36.0	75.0	70.0	101.0	120.0	118.0	130.0	142.0	110.0	147.0	119.0	208.0	190.0	253.0	223.0	239.0	633.0	13641.0
	42	47	52	57	62	67	72	77	82	87	92	97	102	107	112	117	122	127	132	137	142	147	152	157	162	167	172	177	182	187	192	197	202	207	212	217	222	227	232	237	242	247	251
Kakamega-106_S84_L001_paired_trim_R1	5.0	0.0	3.0	2.0	4.0	4.0	8.0	19.0	7.0	5.0	3.0	10.0	7.0	5.0	6.0	6.0	2.0	6.0	6.0	9.0	5.0	10.0	8.0	6.0	9.0	3.0	3.0	9.0	8.0	3.0	5.0	7.0	10.0	7.0	1.0	5.0	10.0	20.0	9.0	11.0	13.0	71.0	11864.0
	37	42	47	52	57	62	67	72	77	82	87	92	97	102	107	112	117	122	127	132	137	142	147	152	157	162	167	172	177	182	187	192	197	202	207	212	217	222	227	232	237	242	247	251
Kakamega-106_S84_L001_paired_trim_R2	14.0	45.0	28.0	32.0	25.0	15.0	19.0	15.0	9.0	11.0	7.0	13.0	12.0	25.0	15.0	36.0	21.0	12.0	13.0	14.0	13.0	14.0	26.0	32.0	17.0	24.0	37.0	31.0	47.0	54.0	60.0	30.0	42.0	63.0	63.0	67.0	77.0	145.0	122.0	149.0	169.0	212.0	607.0	9732.0
	37	42	47	52	57	62	67	72	77	82	87	92	97	102	107	112	117	122	127	132	137	142	147	152	157	162	167	172	177	182	187	192	197	202	207	212	217	222	227	232	237	242	247	251
Kakamega-108_S85_L001_paired_trim_R1	8.0	12.0	14.0	16.0	16.0	30.0	12.0	64.0	218.0	127.0	57.0	52.0	59.0	56.0	67.0	54.0	65.0	95.0	66.0	41.0	61.0	49.0	70.0	64.0	58.0	48.0	55.0	41.0	45.0	50.0	70.0	81.0	51.0	53.0	63.0	46.0	44.0	90.0	79.0	85.0	75.0	94.0	380.0	63899.0
	37	42	47	52	57	62	67	72	77	82	87	92	97	102	107	112	117	122	127	132	137	142	147	152	157	162	167	172	177	182	187	192	197	202	207	212	217	222	227	232	237	242	247	251
Kakamega-108_S85_L001_paired_trim_R2	423.0	313.0	182.0	202.0	128.0	93.0	88.0	51.0	58.0	78.0	65.0	79.0	102.0	125.0	101.0	111.0	85.0	92.0	81.0	54.0	74.0	113.0	89.0	91.0	105.0	126.0	126.0	101.0	140.0	191.0	258.0	182.0	209.0	260.0	274.0	313.0	321.0	479.0	581.0	660.0	850.0	955.0	2376.0	55395.0
	37	42	47	52	57	62	67	72	77	82	87	92	97	102	107	112	117	122	127	132	137	142	147	152	157	162	167	172	177	182	187	192	197	202	207	212	217	222	227	232	237	242	247	251
Kakamega-111_S86_L001_paired_trim_R1	9.0	11.0	8.0	2.0	5.0	7.0	9.0	21.0	25.0	15.0	5.0	16.0	18.0	13.0	15.0	14.0	35.0	22.0	24.0	16.0	15.0	14.0	18.0	25.0	17.0	19.0	18.0	15.0	19.0	23.0	32.0	21.0	17.0	12.0	29.0	24.0	18.0	43.0	45.0	42.0	38.0	31.0	222.0	33290.0
	37	42	47	52	57	62	67	72	77	82	87	92	97	102	107	112	117	122	127	132	137	142	147	152	157	162	167	172	177	182	187	192	197	202	207	212	217	222	227	232	237	242	247	251
Kakamega-111_S86_L001_paired_trim_R2	89.0	86.0	45.0	90.0	50.0	33.0	27.0	32.0	22.0	38.0	19.0	33.0	46.0	45.0	54.0	60.0	67.0	67.0	57.0	90.0	145.0	112.0	159.0	178.0	89.0	93.0	122.0	141.0	176.0	229.0	276.0	193.0	174.0	214.0	222.0	318.0	359.0	472.0	439.0	546.0	590.0	597.0	1525.0	25918.0
	37	42	47	52	57	62	67	72	77	82	87	92	97	102	107	112	117	122	127	132	137	142	147	152	157	162	167	172	177	182	187	192	197	202	207	212	217	222	227	232	237	242	247	251
Kakamega-114_S87_L001_paired_trim_R1	4.0	9.0	2.0	7.0	8.0	8.0	14.0	11.0	37.0	15.0	14.0	8.0	21.0	7.0	12.0	16.0	16.0	22.0	12.0	12.0	18.0	17.0	19.0	19.0	34.0	14.0	24.0	16.0	27.0	23.0	30.0	23.0	16.0	16.0	27.0	19.0	24.0	33.0	50.0	41.0	53.0	42.0	220.0	30238.0
	37	42	47	52	57	62	67	72	77	82	87	92	97	102	107	112	117	122	127	132	137	142	147	152	157	162	167	172	177	182	187	192	197	202	207	212	217	222	227	232	237	242	247	251
Kakamega-114_S87_L001_paired_trim_R2	100.0	71.0	55.0	60.0	27.0	43.0	41.0	29.0	19.0	30.0	15.0	26.0	58.0	36.0	32.0	48.0	37.0	38.0	46.0	59.0	69.0	60.0	62.0	60.0	79.0	81.0	131.0	108.0	129.0	185.0	201.0	139.0	158.0	206.0	177.0	171.0	216.0	338.0	507.0	647.0	776.0	739.0	1385.0	23804.0
	37	42	47	52	57	62	67	72	77	82	87	92	97	102	107	112	117	122	127	132	137	142	147	152	157	162	167	172	177	182	187	192	197	202	207	212	217	222	227	232	237	242	247	251
Kakamega-115_S88_L001_paired_trim_R1	5.0	7.0	12.0	4.0	4.0	5.0	3.0	11.0	8.0	5.0	5.0	4.0	7.0	5.0	8.0	9.0	15.0	5.0	6.0	5.0	8.0	11.0	10.0	19.0	17.0	11.0	12.0	13.0	18.0	18.0	22.0	18.0	12.0	13.0	19.0	10.0	19.0	34.0	40.0	37.0	36.0	35.0	171.0	32574.0
	37	42	47	52	57	62	67	72	77	82	87	92	97	102	107	112	117	122	127	132	137	142	147	152	157	162	167	172	177	182	187	192	197	202	207	212	217	222	227	232	237	242	247	251
Kakamega-115_S88_L001_paired_trim_R2	32.0	42.0	35.0	47.0	22.0	21.0	22.0	32.0	16.0	13.0	20.0	14.0	34.0	38.0	38.0	72.0	54.0	41.0	17.0	23.0	35.0	44.0	50.0	59.0	56.0	63.0	106.0	63.0	115.0	147.0	203.0	131.0	144.0	163.0	154.0	218.0	230.0	385.0	427.0	520.0	587.0	656.0	1312.0	26809.0
	37	42	47	52	57	62	67	72	77	82	87	92	97	102	107	112	117	122	127	132	137	142	147	152	157	162	167	172	177	182	187	192	197	202	207	212	217	222	227	232	237	242	247	251
Kakamega-116_S89_L001_paired_trim_R1	2.0	7.0	6.0	4.0	8.0	6.0	9.0	7.0	41.0	25.0	11.0	5.0	10.0	14.0	9.0	13.0	28.0	14.0	20.0	6.0	15.0	11.0	23.0	10.0	5.0	6.0	10.0	13.0	15.0	15.0	24.0	23.0	11.0	10.0	18.0	13.0	16.0	27.0	27.0	11.0	31.0	35.0	140.0	29547.0
	37	42	47	52	57	62	67	72	77	82	87	92	97	102	107	112	117	122	127	132	137	142	147	152	157	162	167	172	177	182	187	192	197	202	207	212	217	222	227	232	237	242	247	251
Kakamega-116_S89_L001_paired_trim_R2	90.0	89.0	65.0	60.0	37.0	23.0	23.0	30.0	28.0	21.0	14.0	19.0	33.0	25.0	26.0	39.0	36.0	31.0	27.0	28.0	38.0	36.0	44.0	51.0	30.0	51.0	102.0	67.0	104.0	112.0	174.0	122.0	151.0	163.0	175.0	173.0	195.0	285.0	402.0	523.0	583.0	663.0	1389.0	23924.0
	37	42	47	52	57	62	67	72	77	82	87	92	97	102	107	112	117	122	127	132	137	142	147	152	157	162	167	172	177	182	187	192	197	202	207	212	217	222	227	232	237	242	247	251
Kakamega-91_S72_L001_paired_trim_R1	1.0	4.0	2.0	3.0	2.0	0.0	3.0	29.0	171.0	82.0	49.0	40.0	19.0	24.0	24.0	19.0	31.0	21.0	9.0	13.0	11.0	22.0	15.0	15.0	12.0	10.0	12.0	6.0	14.0	10.0	9.0	11.0	5.0	9.0	4.0	8.0	5.0	10.0	9.0	12.0	4.0	3.0	45.0	7651.0
	37	42	47	52	57	62	67	72	77	82	87	92	97	102	107	112	117	122	127	132	137	142	147	152	157	162	167	172	177	182	187	192	197	202	207	212	217	222	227	232	237	242	247	251
Kakamega-91_S72_L001_paired_trim_R2	22.0	59.0	86.0	73.0	328.0	58.0	19.0	7.0	4.0	12.0	9.0	10.0	4.0	7.0	21.0	24.0	13.0	11.0	4.0	6.0	12.0	14.0	15.0	22.0	8.0	25.0	29.0	15.0	31.0	52.0	66.0	50.0	42.0	48.0	27.0	79.0	73.0	100.0	94.0	145.0	126.0	146.0	304.0	6158.0
	37	42	47	52	57	62	67	72	77	82	87	92	97	102	107	112	117	122	127	132	137	142	147	152	157	162	167	172	177	182	187	192	197	202	207	212	217	222	227	232	237	242	247	251
Kakamega-92_S73_L001_paired_trim_R1	9.0	12.0	15.0	10.0	12.0	12.0	8.0	88.0	375.0	156.0	83.0	67.0	64.0	61.0	75.0	58.0	65.0	59.0	52.0	45.0	40.0	31.0	50.0	52.0	33.0	39.0	39.0	28.0	27.0	30.0	37.0	29.0	31.0	49.0	35.0	23.0	29.0	43.0	37.0	35.0	51.0	50.0	192.0	35945.0
	37	42	47	52	57	62	67	72	77	82	87	92	97	102	107	112	117	122	127	132	137	142	147	152	157	162	167	172	177	182	187	192	197	202	207	212	217	222	227	232	237	242	247	251
Kakamega-92_S73_L001_paired_trim_R2	226.0	860.0	145.0	174.0	259.0	99.0	43.0	34.0	32.0	30.0	37.0	26.0	36.0	35.0	35.0	41.0	31.0	36.0	25.0	38.0	41.0	43.0	41.0	47.0	38.0	58.0	63.0	54.0	60.0	86.0	129.0	85.0	87.0	109.0	108.0	131.0	137.0	265.0	304.0	386.0	446.0	477.0	1248.0	31596.0
	37	42	47	52	57	62	67	72	77	82	87	92	97	102	107	112	117	122	127	132	137	142	147	152	157	162	167	172	177	182	187	192	197	202	207	212	217	222	227	232	237	242	247	251
Kakamega-93_S74_L001_paired_trim_R1	4.0	1.0	2.0	1.0	5.0	7.0	6.0	9.0	14.0	10.0	10.0	2.0	8.0	7.0	17.0	7.0	13.0	16.0	8.0	2.0	3.0	11.0	21.0	15.0	8.0	7.0	12.0	9.0	7.0	9.0	11.0	14.0	8.0	3.0	20.0	5.0	15.0	26.0	11.0	7.0	22.0	25.0	76.0	15923.0
	37	42	47	52	57	62	67	72	77	82	87	92	97	102	107	112	117	122	127	132	137	142	147	152	157	162	167	172	177	182	187	192	197	202	207	212	217	222	227	232	237	242	247	251
Kakamega-93_S74_L001_paired_trim_R2	35.0	60.0	21.0	47.0	28.0	17.0	24.0	19.0	12.0	17.0	14.0	21.0	26.0	20.0	28.0	30.0	17.0	18.0	16.0	14.0	15.0	14.0	30.0	27.0	21.0	15.0	35.0	21.0	47.0	72.0	67.0	43.0	62.0	80.0	76.0	81.0	96.0	157.0	178.0	180.0	207.0	232.0	555.0	13622.0
	37	42	47	52	57	62	67	72	77	82	87	92	97	102	107	112	117	122	127	132	137	142	147	152	157	162	167	172	177	182	187	192	197	202	207	212	217	222	227	232	237	242	247	251
Kakamega-94_S75_L001_paired_trim_R1	3.0	7.0	2.0	4.0	6.0	3.0	12.0	52.0	130.0	73.0	30.0	40.0	39.0	32.0	28.0	23.0	35.0	45.0	26.0	23.0	27.0	23.0	25.0	40.0	28.0	17.0	27.0	18.0	20.0	25.0	25.0	33.0	19.0	16.0	23.0	27.0	25.0	31.0	24.0	28.0	34.0	39.0	153.0	19262.0
	37	42	47	52	57	62	67	72	77	82	87	92	97	102	107	112	117	122	127	132	137	142	147	152	157	162	167	172	177	182	187	192	197	202	207	212	217	222	227	232	237	242	247	251
Kakamega-94_S75_L001_paired_trim_R2	134.0	362.0	64.0	71.0	112.0	38.0	34.0	29.0	15.0	20.0	18.0	29.0	29.0	48.0	37.0	39.0	34.0	30.0	45.0	39.0	41.0	45.0	43.0	29.0	47.0	73.0	77.0	66.0	81.0	97.0	100.0	107.0	96.0	137.0	126.0	130.0	133.0	229.0	280.0	420.0	495.0	459.0	1010.0	15054.0
	37	42	47	52	57	62	67	72	77	82	87	92	97	102	107	112	117	122	127	132	137	142	147	152	157	162	167	172	177	182	187	192	197	202	207	212	217	222	227	232	237	242	247	251
Kakamega-96_S76_L001_paired_trim_R1	2.0	2.0	4.0	3.0	4.0	6.0	4.0	7.0	6.0	6.0	1.0	2.0	10.0	4.0	3.0	5.0	10.0	7.0	5.0	7.0	3.0	6.0	7.0	12.0	8.0	8.0	11.0	9.0	9.0	7.0	10.0	15.0	6.0	7.0	17.0	18.0	12.0	31.0	21.0	16.0	16.0	22.0	85.0	21839.0
	37	42	47	52	57	62	67	72	77	82	87	92	97	102	107	112	117	122	127	132	137	142	147	152	157	162	167	172	177	182	187	192	197	202	207	212	217	222	227	232	237	242	247	251
Kakamega-96_S76_L001_paired_trim_R2	26.0	33.0	32.0	16.0	20.0	12.0	27.0	16.0	18.0	9.0	4.0	18.0	18.0	19.0	26.0	43.0	33.0	26.0	15.0	23.0	26.0	29.0	50.0	34.0	16.0	40.0	45.0	31.0	72.0	91.0	128.0	84.0	96.0	121.0	95.0	174.0	213.0	309.0	250.0	331.0	377.0	433.0	1015.0	17799.0
	37	42	47	52	57	62	67	72	77	82	87	92	97	102	107	112	117	122	127	132	137	142	147	152	157	162	167	172	177	182	187	192	197	202	207	212	217	222	227	232	237	242	247	251
Kakamega-97_S77_L001_paired_trim_R1	4.0	2.0	5.0	7.0	5.0	4.0	9.0	56.0	149.0	58.0	35.0	46.0	42.0	29.0	34.0	20.0	28.0	18.0	22.0	21.0	28.0	24.0	28.0	27.0	25.0	24.0	27.0	26.0	16.0	37.0	21.0	28.0	11.0	27.0	22.0	17.0	21.0	23.0	24.0	19.0	22.0	24.0	97.0	21099.0
	37	42	47	52	57	62	67	72	77	82	87	92	97	102	107	112	117	122	127	132	137	142	147	152	157	162	167	172	177	182	187	192	197	202	207	212	217	222	227	232	237	242	247	251
Kakamega-97_S77_L001_paired_trim_R2	117.0	382.0	69.0	93.0	119.0	44.0	39.0	23.0	19.0	16.0	11.0	19.0	31.0	17.0	30.0	70.0	48.0	32.0	18.0	25.0	32.0	34.0	53.0	57.0	35.0	50.0	51.0	54.0	73.0	154.0	120.0	91.0	94.0	107.0	109.0	184.0	219.0	342.0	322.0	380.0	365.0	404.0	705.0	17054.0
	42	47	52	57	62	67	72	77	82	87	92	97	102	107	112	117	122	127	132	137	142	147	152	157	162	167	172	177	182	187	192	197	202	207	212	217	222	227	232	237	242	247	251
Kakamega-98_S78_L001_paired_trim_R1	1.0	3.0	1.0	6.0	2.0	3.0	12.0	69.0	31.0	14.0	10.0	13.0	14.0	11.0	2.0	15.0	13.0	10.0	15.0	10.0	11.0	11.0	9.0	14.0	12.0	8.0	7.0	12.0	7.0	12.0	13.0	10.0	16.0	6.0	6.0	11.0	19.0	24.0	10.0	17.0	15.0	64.0	16344.0
	37	42	47	52	57	62	67	72	77	82	87	92	97	102	107	112	117	122	127	132	137	142	147	152	157	162	167	172	177	182	187	192	197	202	207	212	217	222	227	232	237	242	247	251
Kakamega-98_S78_L001_paired_trim_R2	57.0	143.0	42.0	35.0	27.0	21.0	17.0	29.0	12.0	11.0	11.0	11.0	17.0	19.0	23.0	37.0	18.0	18.0	12.0	16.0	13.0	23.0	24.0	38.0	26.0	30.0	38.0	27.0	53.0	107.0	92.0	53.0	65.0	82.0	56.0	110.0	138.0	265.0	212.0	307.0	320.0	336.0	535.0	13387.0
	37	42	47	52	57	62	67	72	77	82	87	92	97	102	107	112	117	122	127	132	137	142	147	152	157	162	167	172	177	182	187	192	197	202	207	212	217	222	227	232	237	242	247	251
Kakamega-99_S79_L001_paired_trim_R1	8.0	5.0	3.0	4.0	1.0	3.0	6.0	2.0	8.0	6.0	5.0	4.0	8.0	7.0	2.0	2.0	5.0	6.0	7.0	4.0	3.0	10.0	11.0	6.0	6.0	6.0	12.0	4.0	4.0	8.0	11.0	11.0	12.0	11.0	4.0	6.0	13.0	17.0	16.0	15.0	16.0	23.0	85.0	15456.0
	37	42	47	52	57	62	67	72	77	82	87	92	97	102	107	112	117	122	127	132	137	142	147	152	157	162	167	172	177	182	187	192	197	202	207	212	217	222	227	232	237	242	247	251
Kakamega-99_S79_L001_paired_trim_R2	25.0	40.0	23.0	31.0	22.0	10.0	16.0	14.0	12.0	16.0	11.0	7.0	15.0	20.0	25.0	33.0	23.0	24.0	4.0	8.0	15.0	32.0	29.0	33.0	17.0	39.0	32.0	24.0	41.0	68.0	68.0	48.0	60.0	74.0	73.0	69.0	104.0	168.0	144.0	208.0	204.0	255.0	508.0	13170.0
	42	47	52	57	62	67	72	77	82	87	92	97	102	107	112	117	122	127	132	137	142	147	152	157	162	167	172	177	182	187	192	197	202	207	212	217	222	227	232	237	242	247	251
Kilifi-Coast-61_S49_L001_paired_trim_R1	2.0	5.0	1.0	2.0	4.0	5.0	35.0	136.0	62.0	24.0	23.0	25.0	25.0	29.0	23.0	21.0	19.0	26.0	15.0	9.0	18.0	28.0	11.0	16.0	15.0	10.0	10.0	13.0	12.0	13.0	10.0	11.0	8.0	12.0	7.0	11.0	19.0	17.0	12.0	22.0	22.0	89.0	14556.0
	37	42	47	52	57	62	67	72	77	82	87	92	97	102	107	112	117	122	127	132	137	142	147	152	157	162	167	172	177	182	187	192	197	202	207	212	217	222	227	232	237	242	247	251
Kilifi-Coast-61_S49_L001_paired_trim_R2	148.0	151.0	32.0	57.0	151.0	41.0	16.0	15.0	6.0	15.0	8.0	15.0	21.0	11.0	9.0	19.0	20.0	13.0	13.0	16.0	22.0	20.0	20.0	32.0	13.0	17.0	19.0	26.0	31.0	37.0	48.0	40.0	38.0	62.0	61.0	63.0	64.0	108.0	115.0	122.0	141.0	193.0	539.0	12825.0
	37	42	47	52	57	62	67	72	77	82	87	92	97	102	107	112	117	122	127	132	137	142	147	152	157	162	167	172	177	182	187	192	197	202	207	212	217	222	227	232	237	242	247	251
Kilifi-Coast-62_S50_L001_paired_trim_R1	9.0	1.0	3.0	1.0	2.0	3.0	8.0	20.0	66.0	28.0	16.0	7.0	9.0	9.0	14.0	10.0	16.0	13.0	20.0	9.0	13.0	6.0	13.0	19.0	18.0	10.0	10.0	9.0	9.0	14.0	16.0	11.0	9.0	13.0	5.0	13.0	16.0	19.0	18.0	17.0	18.0	28.0	87.0	12332.0
	37	42	47	52	57	62	67	72	77	82	87	92	97	102	107	112	117	122	127	132	137	142	147	152	157	162	167	172	177	182	187	192	197	202	207	212	217	222	227	232	237	242	247	251
Kilifi-Coast-62_S50_L001_paired_trim_R2	81.0	76.0	25.0	39.0	61.0	23.0	23.0	18.0	13.0	19.0	16.0	13.0	19.0	30.0	26.0	16.0	17.0	14.0	17.0	12.0	29.0	21.0	14.0	19.0	25.0	17.0	41.0	28.0	40.0	40.0	43.0	46.0	44.0	87.0	88.0	79.0	76.0	119.0	135.0	137.0	151.0	184.0	559.0	10407.0
	37	42	47	52	57	62	67	72	77	82	87	92	97	102	107	112	117	122	127	132	137	142	147	152	157	162	167	172	177	182	187	192	197	202	207	212	217	222	227	232	237	242	247	251
Kilifi-Coast-63_S51_L001_paired_trim_R1	2.0	3.0	5.0	1.0	2.0	5.0	7.0	24.0	64.0	23.0	18.0	15.0	16.0	15.0	13.0	17.0	21.0	14.0	22.0	14.0	14.0	10.0	12.0	7.0	11.0	14.0	12.0	7.0	13.0	12.0	19.0	13.0	6.0	14.0	11.0	11.0	12.0	20.0	18.0	19.0	17.0	26.0	129.0	17572.0
	37	42	47	52	57	62	67	72	77	82	87	92	97	102	107	112	117	122	127	132	137	142	147	152	157	162	167	172	177	182	187	192	197	202	207	212	217	222	227	232	237	242	247	251
Kilifi-Coast-63_S51_L001_paired_trim_R2	73.0	89.0	29.0	38.0	70.0	37.0	26.0	14.0	6.0	15.0	12.0	15.0	29.0	24.0	23.0	24.0	25.0	22.0	32.0	20.0	30.0	35.0	22.0	26.0	33.0	41.0	56.0	51.0	49.0	83.0	97.0	56.0	68.0	111.0	116.0	84.0	86.0	182.0	218.0	277.0	329.0	367.0	700.0	14560.0
	42	47	52	57	62	67	72	77	82	87	92	97	102	107	112	117	122	127	132	137	142	147	152	157	162	167	172	177	182	187	192	197	202	207	212	217	222	227	232	237	242	247	251
Kilifi-Coast-64_S52_L001_paired_trim_R1	4.0	1.0	1.0	1.0	4.0	6.0	4.0	1.0	4.0	1.0	2.0	2.0	1.0	7.0	2.0	5.0	1.0	4.0	7.0	5.0	3.0	5.0	1.0	6.0	8.0	5.0	5.0	10.0	10.0	9.0	13.0	6.0	5.0	10.0	10.0	15.0	7.0	14.0	4.0	15.0	14.0	58.0	13087.0
	37	42	47	52	57	62	67	72	77	82	87	92	97	102	107	112	117	122	127	132	137	142	147	152	157	162	167	172	177	182	187	192	197	202	207	212	217	222	227	232	237	242	247	251
Kilifi-Coast-64_S52_L001_paired_trim_R2	11.0	4.0	10.0	12.0	2.0	8.0	8.0	9.0	7.0	4.0	7.0	3.0	6.0	11.0	17.0	28.0	21.0	12.0	6.0	18.0	21.0	23.0	36.0	42.0	23.0	26.0	33.0	44.0	67.0	85.0	86.0	53.0	68.0	99.0	86.0	104.0	111.0	179.0	152.0	223.0	191.0	216.0	418.0	10793.0
	42	47	52	57	62	67	72	77	82	87	92	97	102	107	112	117	122	127	132	137	142	147	152	157	162	167	172	177	182	187	192	197	202	207	212	217	222	227	232	237	242	247	251
Kilifi-Coast-65_S53_L001_paired_trim_R1	1.0	1.0	5.0	1.0	2.0	1.0	25.0	99.0	39.0	24.0	24.0	21.0	18.0	24.0	10.0	18.0	16.0	20.0	11.0	6.0	11.0	13.0	12.0	11.0	14.0	16.0	15.0	7.0	10.0	21.0	17.0	4.0	6.0	9.0	10.0	12.0	15.0	12.0	19.0	15.0	26.0	72.0	14043.0
	37	42	47	52	57	62	67	72	77	82	87	92	97	102	107	112	117	122	127	132	137	142	147	152	157	162	167	172	177	182	187	192	197	202	207	212	217	222	227	232	237	242	247	251
Kilifi-Coast-65_S53_L001_paired_trim_R2	105.0	120.0	36.0	42.0	93.0	36.0	16.0	16.0	9.0	12.0	5.0	16.0	14.0	18.0	20.0	47.0	30.0	20.0	11.0	14.0	31.0	38.0	47.0	49.0	25.0	42.0	56.0	48.0	62.0	105.0	90.0	64.0	90.0	133.0	113.0	112.0	97.0	201.0	202.0	231.0	234.0	261.0	482.0	11263.0
	37	42	47	52	57	62	67	72	77	82	87	92	97	102	107	112	117	122	127	132	137	142	147	152	157	162	167	172	177	182	187	192	197	202	207	212	217	222	227	232	237	242	247	251
Kilifi-Coast-66_S54_L001_paired_trim_R1	1.0	0.0	0.0	2.0	1.0	4.0	2.0	15.0	86.0	36.0	19.0	14.0	16.0	16.0	7.0	19.0	14.0	13.0	16.0	7.0	9.0	8.0	11.0	14.0	12.0	10.0	5.0	8.0	6.0	11.0	8.0	8.0	3.0	10.0	7.0	9.0	7.0	9.0	7.0	15.0	12.0	15.0	59.0	11792.0
	37	42	47	52	57	62	67	72	77	82	87	92	97	102	107	112	117	122	127	132	137	142	147	152	157	162	167	172	177	182	187	192	197	202	207	212	217	222	227	232	237	242	247	251
Kilifi-Coast-66_S54_L001_paired_trim_R2	97.0	78.0	25.0	34.0	82.0	29.0	14.0	9.0	9.0	13.0	5.0	10.0	14.0	12.0	28.0	31.0	27.0	15.0	15.0	9.0	15.0	16.0	22.0	28.0	20.0	18.0	33.0	21.0	40.0	85.0	89.0	52.0	65.0	95.0	103.0	94.0	89.0	172.0	153.0	215.0	252.0	208.0	466.0	9436.0
	37	42	47	52	57	62	67	72	77	82	87	92	97	102	107	112	117	122	127	132	137	142	147	152	157	162	167	172	177	182	187	192	197	202	207	212	217	222	227	232	237	242	247	251
Kilifi-Coast-67_S55_L001_paired_trim_R1	4.0	1.0	6.0	1.0	5.0	2.0	4.0	5.0	22.0	13.0	8.0	9.0	10.0	6.0	7.0	5.0	12.0	8.0	9.0	4.0	3.0	7.0	11.0	6.0	7.0	5.0	7.0	10.0	9.0	7.0	14.0	17.0	5.0	15.0	10.0	9.0	8.0	16.0	21.0	17.0	14.0	17.0	89.0	20398.0
	37	42	47	52	57	62	67	72	77	82	87	92	97	102	107	112	117	122	127	132	137	142	147	152	157	162	167	172	177	182	187	192	197	202	207	212	217	222	227	232	237	242	247	251
Kilifi-Coast-67_S55_L001_paired_trim_R2	33.0	37.0	30.0	27.0	40.0	18.0	15.0	13.0	8.0	13.0	11.0	18.0	14.0	14.0	21.0	40.0	27.0	24.0	14.0	7.0	15.0	26.0	30.0	35.0	23.0	33.0	43.0	35.0	53.0	68.0	84.0	74.0	94.0	103.0	135.0	128.0	123.0	227.0	229.0	297.0	342.0	332.0	794.0	17116.0
	42	47	52	57	62	67	72	77	82	87	92	97	102	107	112	117	122	127	132	137	142	147	152	157	162	167	172	177	182	187	192	197	202	207	212	217	222	227	232	237	242	247	251
Kilifi-Coast-68_S56_L001_paired_trim_R1	1.0	0.0	4.0	1.0	1.0	4.0	13.0	23.0	8.0	9.0	5.0	2.0	5.0	8.0	5.0	8.0	5.0	3.0	6.0	4.0	5.0	6.0	7.0	7.0	6.0	11.0	9.0	7.0	5.0	6.0	8.0	4.0	12.0	9.0	5.0	6.0	9.0	10.0	5.0	8.0	14.0	44.0	9231.0
	37	42	47	52	57	62	67	72	77	82	87	92	97	102	107	112	117	122	127	132	137	142	147	152	157	162	167	172	177	182	187	192	197	202	207	212	217	222	227	232	237	242	247	251
Kilifi-Coast-68_S56_L001_paired_trim_R2	25.0	26.0	21.0	21.0	27.0	18.0	8.0	8.0	4.0	11.0	3.0	7.0	11.0	15.0	10.0	14.0	12.0	8.0	13.0	8.0	6.0	13.0	12.0	20.0	10.0	7.0	19.0	22.0	22.0	20.0	35.0	28.0	25.0	36.0	44.0	32.0	33.0	71.0	71.0	103.0	94.0	135.0	359.0	8062.0
	37	42	47	52	57	62	67	72	77	82	87	92	97	102	107	112	117	122	127	132	137	142	147	152	157	162	167	172	177	182	187	192	197	202	207	212	217	222	227	232	237	242	247	251
Kilifi-Coast-69_S57_L001_paired_trim_R1	2.0	1.0	4.0	8.0	5.0	5.0	5.0	12.0	30.0	12.0	14.0	7.0	13.0	12.0	12.0	13.0	10.0	8.0	11.0	8.0	5.0	10.0	8.0	13.0	5.0	13.0	9.0	8.0	12.0	13.0	13.0	20.0	8.0	11.0	14.0	15.0	20.0	27.0	19.0	23.0	19.0	18.0	93.0	25888.0
	37	42	47	52	57	62	67	72	77	82	87	92	97	102	107	112	117	122	127	132	137	142	147	152	157	162	167	172	177	182	187	192	197	202	207	212	217	222	227	232	237	242	247	251
Kilifi-Coast-69_S57_L001_paired_trim_R2	57.0	56.0	26.0	40.0	36.0	13.0	23.0	19.0	15.0	12.0	18.0	15.0	12.0	23.0	28.0	40.0	27.0	22.0	14.0	21.0	17.0	23.0	37.0	29.0	17.0	32.0	31.0	40.0	50.0	82.0	83.0	68.0	74.0	109.0	110.0	121.0	102.0	194.0	217.0	235.0	284.0	318.0	827.0	22859.0
	37	42	47	52	57	62	67	72	77	82	87	92	97	102	107	112	117	122	127	132	137	142	147	152	157	162	167	172	177	182	187	192	197	202	207	212	217	222	227	232	237	242	247	251
Kilifi-Coast-71_S58_L001_paired_trim_R1	2.0	5.0	5.0	1.0	3.0	2.0	2.0	11.0	16.0	8.0	10.0	3.0	6.0	7.0	5.0	4.0	9.0	12.0	8.0	1.0	3.0	2.0	5.0	12.0	6.0	8.0	8.0	5.0	9.0	6.0	7.0	7.0	9.0	8.0	9.0	12.0	6.0	17.0	24.0	13.0	16.0	15.0	73.0	14850.0
	37	42	47	52	57	62	67	72	77	82	87	92	97	102	107	112	117	122	127	132	137	142	147	152	157	162	167	172	177	182	187	192	197	202	207	212	217	222	227	232	237	242	247	251
Kilifi-Coast-71_S58_L001_paired_trim_R2	39.0	29.0	12.0	27.0	25.0	9.0	11.0	10.0	6.0	14.0	10.0	15.0	8.0	12.0	16.0	14.0	19.0	14.0	21.0	13.0	17.0	12.0	14.0	30.0	14.0	19.0	24.0	25.0	32.0	54.0	38.0	47.0	46.0	64.0	50.0	68.0	73.0	108.0	166.0	169.0	228.0	227.0	579.0	12822.0
	37	42	47	52	57	62	67	72	77	82	87	92	97	102	107	112	117	122	127	132	137	142	147	152	157	162	167	172	177	182	187	192	197	202	207	212	217	222	227	232	237	242	247	251
Kilifi-Coast-72_S59_L001_paired_trim_R1	3.0	5.0	3.0	2.0	2.0	3.0	3.0	8.0	10.0	9.0	1.0	6.0	6.0	5.0	10.0	3.0	10.0	7.0	8.0	7.0	6.0	6.0	5.0	5.0	6.0	6.0	6.0	10.0	2.0	4.0	9.0	5.0	4.0	9.0	12.0	8.0	6.0	15.0	8.0	8.0	10.0	18.0	72.0	12107.0
	37	42	47	52	57	62	67	72	77	82	87	92	97	102	107	112	117	122	127	132	137	142	147	152	157	162	167	172	177	182	187	192	197	202	207	212	217	222	227	232	237	242	247	251
Kilifi-Coast-72_S59_L001_paired_trim_R2	36.0	28.0	18.0	16.0	22.0	7.0	13.0	8.0	8.0	10.0	6.0	11.0	18.0	13.0	16.0	33.0	12.0	9.0	10.0	14.0	14.0	18.0	22.0	18.0	11.0	18.0	19.0	25.0	25.0	45.0	56.0	34.0	50.0	66.0	70.0	54.0	64.0	115.0	109.0	132.0	142.0	174.0	395.0	10474.0
	42	47	52	57	62	67	72	77	82	87	92	97	102	107	112	117	122	127	132	137	142	147	152	157	162	167	172	177	182	187	192	197	202	207	212	217	222	227	232	237	242	247	251
Kilifi-Coast-73_S60_L001_paired_trim_R1	2.0	2.0	2.0	1.0	3.0	2.0	2.0	8.0	6.0	6.0	3.0	4.0	2.0	7.0	2.0	3.0	1.0	6.0	6.0	6.0	6.0	4.0	3.0	9.0	2.0	5.0	1.0	3.0	3.0	5.0	9.0	5.0	10.0	9.0	8.0	10.0	9.0	11.0	11.0	14.0	13.0	47.0	5539.0
	37	42	47	52	57	62	67	72	77	82	87	92	97	102	107	112	117	122	127	132	137	142	147	152	157	162	167	172	177	182	187	192	197	202	207	212	217	222	227	232	237	242	247	251
Kilifi-Coast-73_S60_L001_paired_trim_R2	14.0	19.0	8.0	11.0	20.0	10.0	10.0	2.0	4.0	6.0	6.0	6.0	8.0	4.0	9.0	7.0	7.0	10.0	5.0	4.0	7.0	10.0	14.0	12.0	9.0	14.0	15.0	19.0	20.0	23.0	19.0	32.0	36.0	47.0	34.0	40.0	73.0	67.0	62.0	78.0	126.0	125.0	304.0	4454.0
	37	42	47	52	57	62	67	72	77	82	87	92	97	102	107	112	117	122	127	132	137	142	147	152	157	162	167	172	177	182	187	192	197	202	207	212	217	222	227	232	237	242	247	251
Kilifi-Coast-74_S61_L001_paired_trim_R1	5.0	9.0	9.0	11.0	5.0	8.0	9.0	24.0	108.0	41.0	27.0	27.0	33.0	35.0	27.0	22.0	33.0	22.0	28.0	10.0	13.0	24.0	43.0	25.0	17.0	16.0	26.0	11.0	10.0	14.0	19.0	22.0	23.0	20.0	22.0	22.0	26.0	33.0	24.0	28.0	28.0	45.0	143.0	27326.0
	37	42	47	52	57	62	67	72	77	82	87	92	97	102	107	112	117	122	127	132	137	142	147	152	157	162	167	172	177	182	187	192	197	202	207	212	217	222	227	232	237	242	247	251
Kilifi-Coast-74_S61_L001_paired_trim_R2	42.0	78.0	88.0	91.0	217.0	68.0	27.0	16.0	24.0	26.0	18.0	24.0	28.0	38.0	38.0	29.0	27.0	32.0	26.0	17.0	35.0	33.0	39.0	26.0	37.0	42.0	42.0	50.0	51.0	82.0	96.0	88.0	99.0	96.0	113.0	111.0	119.0	176.0	199.0	272.0	353.0	376.0	1057.0	23927.0
	37	42	47	52	57	62	67	72	77	82	87	92	97	102	107	112	117	122	127	132	137	142	147	152	157	162	167	172	177	182	187	192	197	202	207	212	217	222	227	232	237	242	247	251
Kilifi-Coast-75_S62_L001_paired_trim_R1	5.0	3.0	3.0	10.0	12.0	10.0	11.0	33.0	163.0	76.0	37.0	29.0	33.0	28.0	31.0	33.0	20.0	26.0	31.0	22.0	30.0	21.0	31.0	29.0	24.0	26.0	20.0	11.0	18.0	26.0	23.0	22.0	11.0	17.0	18.0	24.0	23.0	29.0	24.0	34.0	37.0	30.0	187.0	21656.0
	37	42	47	52	57	62	67	72	77	82	87	92	97	102	107	112	117	122	127	132	137	142	147	152	157	162	167	172	177	182	187	192	197	202	207	212	217	222	227	232	237	242	247	251
Kilifi-Coast-75_S62_L001_paired_trim_R2	42.0	77.0	93.0	91.0	305.0	65.0	46.0	24.0	21.0	30.0	22.0	28.0	28.0	24.0	44.0	55.0	39.0	50.0	31.0	77.0	100.0	65.0	118.0	112.0	48.0	87.0	86.0	91.0	106.0	207.0	170.0	143.0	140.0	170.0	208.0	241.0	259.0	265.0	254.0	304.0	322.0	383.0	1135.0	16781.0
	37	42	47	52	57	62	67	72	77	82	87	92	97	102	107	112	117	122	127	132	137	142	147	152	157	162	167	172	177	182	187	192	197	202	207	212	217	222	227	232	237	242	247	251
Kilifi-Coast-76_S63_L001_paired_trim_R1	1.0	10.0	7.0	5.0	3.0	3.0	11.0	33.0	162.0	72.0	29.0	34.0	31.0	34.0	29.0	30.0	27.0	28.0	26.0	20.0	9.0	24.0	26.0	20.0	20.0	27.0	20.0	13.0	22.0	20.0	21.0	19.0	11.0	17.0	12.0	17.0	20.0	23.0	24.0	21.0	30.0	34.0	144.0	23950.0
	37	42	47	52	57	62	67	72	77	82	87	92	97	102	107	112	117	122	127	132	137	142	147	152	157	162	167	172	177	182	187	192	197	202	207	212	217	222	227	232	237	242	247	251
Kilifi-Coast-76_S63_L001_paired_trim_R2	53.0	94.0	92.0	83.0	281.0	66.0	27.0	15.0	18.0	20.0	24.0	28.0	37.0	21.0	30.0	31.0	31.0	26.0	26.0	26.0	37.0	38.0	36.0	30.0	29.0	36.0	39.0	44.0	57.0	76.0	104.0	75.0	73.0	101.0	95.0	94.0	150.0	218.0	217.0	291.0	342.0	372.0	783.0	20773.0
	37	42	47	52	57	62	67	72	77	82	87	92	97	102	107	112	117	122	127	132	137	142	147	152	157	162	167	172	177	182	187	192	197	202	207	212	217	222	227	232	237	242	247	251
Kilifi-Coast-77_S64_L001_paired_trim_R1	2.0	7.0	3.0	2.0	4.0	9.0	10.0	6.0	11.0	3.0	6.0	6.0	11.0	15.0	10.0	7.0	12.0	9.0	8.0	11.0	8.0	12.0	15.0	17.0	11.0	12.0	16.0	19.0	11.0	26.0	20.0	21.0	9.0	18.0	18.0	10.0	17.0	41.0	30.0	21.0	38.0	34.0	116.0	31205.0
	37	42	47	52	57	62	67	72	77	82	87	92	97	102	107	112	117	122	127	132	137	142	147	152	157	162	167	172	177	182	187	192	197	202	207	212	217	222	227	232	237	242	247	251
Kilifi-Coast-77_S64_L001_paired_trim_R2	30.0	24.0	14.0	24.0	20.0	14.0	21.0	18.0	18.0	15.0	16.0	20.0	34.0	28.0	39.0	53.0	46.0	49.0	24.0	22.0	28.0	48.0	62.0	63.0	30.0	55.0	84.0	68.0	105.0	164.0	169.0	108.0	124.0	155.0	133.0	186.0	253.0	418.0	329.0	418.0	465.0	533.0	1018.0	26352.0
	37	42	47	52	57	62	67	72	77	82	87	92	97	102	107	112	117	122	127	132	137	142	147	152	157	162	167	172	177	182	187	192	197	202	207	212	217	222	227	232	237	242	247	251
Kilifi-Coast-78_S65_L001_paired_trim_R1	1.0	3.0	2.0	3.0	1.0	3.0	8.0	9.0	16.0	12.0	4.0	10.0	9.0	10.0	16.0	8.0	14.0	11.0	7.0	7.0	6.0	4.0	13.0	7.0	4.0	12.0	7.0	7.0	14.0	9.0	12.0	17.0	8.0	12.0	11.0	8.0	9.0	21.0	17.0	9.0	23.0	16.0	81.0	18633.0
	37	42	47	52	57	62	67	72	77	82	87	92	97	102	107	112	117	122	127	132	137	142	147	152	157	162	167	172	177	182	187	192	197	202	207	212	217	222	227	232	237	242	247	251
Kilifi-Coast-78_S65_L001_paired_trim_R2	16.0	30.0	27.0	32.0	43.0	14.0	24.0	20.0	11.0	14.0	7.0	18.0	23.0	16.0	31.0	55.0	27.0	27.0	10.0	10.0	21.0	33.0	50.0	42.0	27.0	45.0	64.0	51.0	59.0	125.0	125.0	79.0	66.0	101.0	78.0	117.0	136.0	257.0	231.0	263.0	289.0	293.0	665.0	15442.0
	37	42	47	52	57	62	67	72	77	82	87	92	97	102	107	112	117	122	127	132	137	142	147	152	157	162	167	172	177	182	187	192	197	202	207	212	217	222	227	232	237	242	247	251
Kilifi-Coast-79_S66_L001_paired_trim_R1	5.0	7.0	7.0	6.0	2.0	4.0	3.0	42.0	261.0	108.0	45.0	28.0	64.0	37.0	37.0	22.0	33.0	23.0	32.0	23.0	27.0	29.0	24.0	23.0	23.0	31.0	25.0	22.0	18.0	11.0	20.0	22.0	7.0	16.0	17.0	21.0	12.0	23.0	13.0	16.0	37.0	33.0	103.0	21735.0
	37	42	47	52	57	62	67	72	77	82	87	92	97	102	107	112	117	122	127	132	137	142	147	152	157	162	167	172	177	182	187	192	197	202	207	212	217	222	227	232	237	242	247	251
Kilifi-Coast-79_S66_L001_paired_trim_R2	62.0	112.0	117.0	105.0	448.0	103.0	41.0	19.0	18.0	23.0	24.0	22.0	21.0	28.0	28.0	52.0	34.0	25.0	21.0	8.0	19.0	25.0	44.0	36.0	24.0	46.0	60.0	51.0	72.0	124.0	135.0	89.0	94.0	122.0	91.0	142.0	164.0	331.0	288.0	416.0	480.0	407.0	829.0	17697.0
	37	42	47	52	57	62	67	72	77	82	87	92	97	102	107	112	117	122	127	132	137	142	147	152	157	162	167	172	177	182	187	192	197	202	207	212	217	222	227	232	237	242	247	251
Kilifi-Coast-84_S67_L001_paired_trim_R1	6.0	2.0	7.0	6.0	8.0	8.0	7.0	4.0	23.0	11.0	2.0	6.0	10.0	13.0	12.0	9.0	13.0	6.0	6.0	4.0	8.0	6.0	5.0	7.0	10.0	8.0	15.0	22.0	15.0	19.0	25.0	25.0	11.0	22.0	24.0	20.0	11.0	30.0	28.0	19.0	26.0	23.0	117.0	28523.0
	37	42	47	52	57	62	67	72	77	82	87	92	97	102	107	112	117	122	127	132	137	142	147	152	157	162	167	172	177	182	187	192	197	202	207	212	217	222	227	232	237	242	247	251
Kilifi-Coast-84_S67_L001_paired_trim_R2	28.0	32.0	25.0	29.0	48.0	14.0	23.0	15.0	8.0	8.0	20.0	19.0	14.0	16.0	28.0	32.0	29.0	22.0	15.0	19.0	15.0	22.0	27.0	36.0	24.0	33.0	48.0	35.0	70.0	76.0	73.0	49.0	55.0	77.0	77.0	83.0	78.0	172.0	178.0	231.0	265.0	288.0	753.0	25973.0
	37	42	47	52	57	62	67	72	77	82	87	92	97	102	107	112	117	122	127	132	137	142	147	152	157	162	167	172	177	182	187	192	197	202	207	212	217	222	227	232	237	242	247	251
Kilifi-Coast-85_S68_L001_paired_trim_R1	4.0	5.0	1.0	6.0	4.0	8.0	4.0	10.0	23.0	14.0	8.0	10.0	12.0	16.0	15.0	8.0	13.0	8.0	15.0	9.0	13.0	10.0	14.0	7.0	8.0	10.0	7.0	4.0	16.0	22.0	22.0	12.0	5.0	18.0	12.0	11.0	11.0	25.0	26.0	8.0	25.0	34.0	107.0	26835.0
	37	42	47	52	57	62	67	72	77	82	87	92	97	102	107	112	117	122	127	132	137	142	147	152	157	162	167	172	177	182	187	192	197	202	207	212	217	222	227	232	237	242	247	251
Kilifi-Coast-85_S68_L001_paired_trim_R2	26.0	33.0	42.0	42.0	57.0	23.0	18.0	11.0	17.0	8.0	12.0	20.0	16.0	22.0	19.0	20.0	24.0	19.0	9.0	19.0	23.0	16.0	23.0	26.0	24.0	35.0	23.0	34.0	46.0	52.0	75.0	53.0	54.0	88.0	74.0	85.0	103.0	161.0	208.0	268.0	301.0	365.0	813.0	24048.0
	37	42	47	52	57	62	67	72	77	82	87	92	97	102	107	112	117	122	127	132	137	142	147	152	157	162	167	172	177	182	187	192	197	202	207	212	217	222	227	232	237	242	247	251
Kilifi-Coast-86_S69_L001_paired_trim_R1	3.0	8.0	3.0	3.0	3.0	5.0	11.0	24.0	83.0	51.0	14.0	16.0	16.0	31.0	21.0	19.0	17.0	18.0	18.0	11.0	14.0	18.0	15.0	11.0	18.0	22.0	18.0	11.0	13.0	15.0	19.0	28.0	7.0	14.0	26.0	19.0	23.0	30.0	27.0	24.0	32.0	37.0	147.0	24939.0
	37	42	47	52	57	62	67	72	77	82	87	92	97	102	107	112	117	122	127	132	137	142	147	152	157	162	167	172	177	182	187	192	197	202	207	212	217	222	227	232	237	242	247	251
Kilifi-Coast-86_S69_L001_paired_trim_R2	44.0	65.0	62.0	35.0	152.0	33.0	25.0	19.0	29.0	28.0	16.0	27.0	30.0	26.0	64.0	65.0	39.0	42.0	27.0	36.0	33.0	37.0	39.0	38.0	34.0	53.0	55.0	70.0	84.0	125.0	100.0	96.0	112.0	126.0	147.0	185.0	172.0	259.0	265.0	314.0	366.0	329.0	860.0	21139.0
	37	42	47	52	57	62	67	72	77	82	87	92	97	102	107	112	117	122	127	132	137	142	147	152	157	162	167	172	177	182	187	192	197	202	207	212	217	222	227	232	237	242	247	251
Kilifi-Coast-87_S70_L001_paired_trim_R1	5.0	11.0	9.0	5.0	5.0	4.0	4.0	11.0	27.0	24.0	19.0	12.0	18.0	17.0	15.0	11.0	28.0	6.0	10.0	13.0	15.0	7.0	11.0	11.0	11.0	15.0	16.0	5.0	14.0	10.0	16.0	16.0	7.0	14.0	14.0	8.0	14.0	30.0	24.0	24.0	25.0	27.0	111.0	30316.0
	37	42	47	52	57	62	67	72	77	82	87	92	97	102	107	112	117	122	127	132	137	142	147	152	157	162	167	172	177	182	187	192	197	202	207	212	217	222	227	232	237	242	247	251
Kilifi-Coast-87_S70_L001_paired_trim_R2	39.0	52.0	48.0	59.0	87.0	18.0	25.0	15.0	14.0	23.0	16.0	27.0	24.0	31.0	30.0	21.0	36.0	26.0	16.0	19.0	18.0	22.0	28.0	37.0	28.0	36.0	35.0	42.0	47.0	46.0	53.0	74.0	49.0	86.0	85.0	108.0	107.0	192.0	269.0	279.0	408.0	406.0	998.0	26936.0
	37	42	47	52	57	62	67	72	77	82	87	92	97	102	107	112	117	122	127	132	137	142	147	152	157	162	167	172	177	182	187	192	197	202	207	212	217	222	227	232	237	242	247	251
Kilifi-Coast-88_S71_L001_paired_trim_R1	6.0	3.0	5.0	5.0	2.0	2.0	2.0	17.0	24.0	10.0	9.0	8.0	13.0	12.0	12.0	8.0	17.0	9.0	8.0	2.0	8.0	11.0	12.0	23.0	6.0	19.0	17.0	10.0	25.0	25.0	23.0	31.0	21.0	43.0	32.0	41.0	25.0	43.0	68.0	52.0	33.0	49.0	244.0	21444.0
	37	42	47	52	57	62	67	72	77	82	87	92	97	102	107	112	117	122	127	132	137	142	147	152	157	162	167	172	177	182	187	192	197	202	207	212	217	222	227	232	237	242	247	251
Kilifi-Coast-88_S71_L001_paired_trim_R2	28.0	31.0	38.0	28.0	33.0	17.0	26.0	28.0	20.0	22.0	20.0	21.0	24.0	20.0	32.0	40.0	35.0	33.0	30.0	27.0	45.0	47.0	39.0	70.0	59.0	130.0	125.0	181.0	198.0	275.0	345.0	299.0	403.0	470.0	275.0	375.0	215.0	415.0	471.0	532.0	446.0	450.0	1182.0	14879.0
	37	42	47	52	57	62	67	72	77	82	87	92	97	102	107	112	117	122	127	132	137	142	147	152	157	162	167	172	177	182	187	192	197	202	207	212	217	222	227	232	237	242	247	251
Kwale-Coast-31_S26_L001_paired_trim_R1	2.0	8.0	4.0	8.0	5.0	2.0	2.0	17.0	75.0	38.0	16.0	23.0	18.0	19.0	14.0	15.0	17.0	14.0	18.0	13.0	19.0	19.0	10.0	16.0	9.0	12.0	16.0	16.0	6.0	10.0	18.0	15.0	10.0	20.0	17.0	12.0	14.0	19.0	24.0	21.0	29.0	21.0	116.0	18084.0
	37	42	47	52	57	62	67	72	77	82	87	92	97	102	107	112	117	122	127	132	137	142	147	152	157	162	167	172	177	182	187	192	197	202	207	212	217	222	227	232	237	242	247	251
Kwale-Coast-31_S26_L001_paired_trim_R2	142.0	110.0	44.0	33.0	31.0	27.0	16.0	16.0	14.0	19.0	12.0	27.0	27.0	29.0	33.0	36.0	28.0	39.0	34.0	24.0	34.0	31.0	28.0	34.0	28.0	36.0	36.0	40.0	48.0	54.0	60.0	61.0	72.0	88.0	77.0	105.0	84.0	155.0	223.0	230.0	257.0	306.0	776.0	15277.0
	37	42	47	52	57	62	67	72	77	82	87	92	97	102	107	112	117	122	127	132	137	142	147	152	157	162	167	172	177	182	187	192	197	202	207	212	217	222	227	232	237	242	247	251
Kwale-Coast-35_S27_L001_paired_trim_R1	4.0	10.0	7.0	3.0	6.0	3.0	6.0	29.0	116.0	82.0	35.0	10.0	22.0	32.0	32.0	19.0	20.0	24.0	26.0	9.0	22.0	22.0	26.0	19.0	20.0	18.0	11.0	18.0	11.0	10.0	15.0	23.0	16.0	12.0	18.0	18.0	22.0	27.0	32.0	22.0	25.0	33.0	105.0	20514.0
	37	42	47	52	57	62	67	72	77	82	87	92	97	102	107	112	117	122	127	132	137	142	147	152	157	162	167	172	177	182	187	192	197	202	207	212	217	222	227	232	237	242	247	251
Kwale-Coast-35_S27_L001_paired_trim_R2	260.0	200.0	52.0	59.0	33.0	21.0	14.0	14.0	15.0	16.0	11.0	25.0	27.0	25.0	26.0	27.0	32.0	27.0	25.0	19.0	30.0	24.0	33.0	28.0	31.0	35.0	37.0	36.0	61.0	54.0	92.0	62.0	65.0	82.0	71.0	87.0	84.0	180.0	184.0	235.0	289.0	321.0	757.0	17748.0
	37	42	47	52	57	62	67	72	77	82	87	92	97	102	107	112	117	122	127	132	137	142	147	152	157	162	167	172	177	182	187	192	197	202	207	212	217	222	227	232	237	242	247	251
Kwale-Coast-36_S28_L001_paired_trim_R1	4.0	9.0	5.0	4.0	2.0	6.0	4.0	8.0	9.0	14.0	6.0	2.0	7.0	9.0	13.0	5.0	25.0	14.0	13.0	3.0	10.0	11.0	18.0	22.0	13.0	19.0	16.0	7.0	12.0	15.0	18.0	21.0	11.0	11.0	22.0	11.0	14.0	37.0	28.0	16.0	26.0	20.0	142.0	29444.0
	37	42	47	52	57	62	67	72	77	82	87	92	97	102	107	112	117	122	127	132	137	142	147	152	157	162	167	172	177	182	187	192	197	202	207	212	217	222	227	232	237	242	247	251
Kwale-Coast-36_S28_L001_paired_trim_R2	24.0	29.0	28.0	38.0	29.0	11.0	26.0	32.0	10.0	20.0	6.0	26.0	28.0	31.0	33.0	72.0	43.0	42.0	19.0	21.0	24.0	31.0	49.0	54.0	32.0	60.0	68.0	53.0	84.0	141.0	169.0	85.0	92.0	124.0	113.0	190.0	211.0	342.0	283.0	360.0	392.0	418.0	1035.0	25148.0
	42	47	52	57	62	67	72	77	82	87	92	97	102	107	112	117	122	127	132	137	142	147	152	157	162	167	172	177	182	187	192	197	202	207	212	217	222	227	232	237	242	247	251
Kwale-Coast-37_S29_L001_paired_trim_R1	7.0	1.0	1.0	5.0	2.0	3.0	9.0	18.0	6.0	4.0	5.0	5.0	7.0	5.0	5.0	10.0	7.0	4.0	1.0	2.0	3.0	9.0	9.0	3.0	5.0	6.0	8.0	14.0	4.0	14.0	12.0	5.0	6.0	7.0	13.0	7.0	16.0	16.0	7.0	11.0	15.0	77.0	14494.0
	37	42	47	52	57	62	67	72	77	82	87	92	97	102	107	112	117	122	127	132	137	142	147	152	157	162	167	172	177	182	187	192	197	202	207	212	217	222	227	232	237	242	247	251
Kwale-Coast-37_S29_L001_paired_trim_R2	38.0	45.0	20.0	31.0	17.0	9.0	25.0	11.0	16.0	12.0	8.0	9.0	17.0	15.0	26.0	35.0	35.0	25.0	13.0	13.0	23.0	32.0	48.0	41.0	25.0	48.0	47.0	40.0	64.0	103.0	123.0	53.0	63.0	79.0	76.0	107.0	157.0	232.0	181.0	237.0	236.0	236.0	569.0	11628.0
	37	42	47	52	57	62	67	72	77	82	87	92	97	102	107	112	117	122	127	132	137	142	147	152	157	162	167	172	177	182	187	192	197	202	207	212	217	222	227	232	237	242	247	251
Kwale-Coast-38_S30_L001_paired_trim_R1	2.0	6.0	4.0	5.0	3.0	1.0	7.0	26.0	103.0	65.0	20.0	17.0	29.0	18.0	25.0	22.0	25.0	13.0	21.0	16.0	16.0	11.0	18.0	15.0	11.0	22.0	13.0	14.0	21.0	12.0	14.0	11.0	8.0	18.0	13.0	17.0	15.0	31.0	26.0	13.0	22.0	28.0	103.0	20825.0
	37	42	47	52	57	62	67	72	77	82	87	92	97	102	107	112	117	122	127	132	137	142	147	152	157	162	167	172	177	182	187	192	197	202	207	212	217	222	227	232	237	242	247	251
Kwale-Coast-38_S30_L001_paired_trim_R2	213.0	183.0	32.0	47.0	30.0	19.0	20.0	16.0	13.0	22.0	17.0	11.0	29.0	33.0	19.0	24.0	15.0	12.0	20.0	18.0	24.0	28.0	28.0	32.0	26.0	31.0	43.0	34.0	55.0	73.0	77.0	54.0	62.0	94.0	87.0	143.0	123.0	191.0	197.0	225.0	277.0	293.0	843.0	17892.0
	37	42	47	52	57	62	67	72	77	82	87	92	97	102	107	112	117	122	127	132	137	142	147	152	157	162	167	172	177	182	187	192	197	202	207	212	217	222	227	232	237	242	247	251
Kwale-Coast-39_S31_L001_paired_trim_R1	1.0	6.0	4.0	3.0	5.0	4.0	7.0	5.0	16.0	7.0	8.0	6.0	7.0	5.0	16.0	7.0	16.0	13.0	12.0	7.0	12.0	6.0	14.0	19.0	9.0	18.0	8.0	16.0	15.0	13.0	21.0	24.0	15.0	15.0	29.0	22.0	22.0	19.0	26.0	30.0	31.0	27.0	128.0	22079.0
	37	42	47	52	57	62	67	72	77	82	87	92	97	102	107	112	117	122	127	132	137	142	147	152	157	162	167	172	177	182	187	192	197	202	207	212	217	222	227	232	237	242	247	251
Kwale-Coast-39_S31_L001_paired_trim_R2	45.0	39.0	28.0	30.0	19.0	15.0	22.0	27.0	15.0	14.0	21.0	22.0	33.0	35.0	39.0	45.0	36.0	44.0	23.0	24.0	11.0	42.0	42.0	41.0	38.0	54.0	72.0	46.0	78.0	121.0	111.0	85.0	118.0	113.0	138.0	144.0	151.0	276.0	272.0	345.0	407.0	401.0	867.0	18224.0
	42	47	52	57	62	67	72	77	82	87	92	97	102	107	112	117	122	127	132	137	142	147	152	157	162	167	172	177	182	187	192	197	202	207	212	217	222	227	232	237	242	247	251
Kwale-Coast-41_S32_L001_paired_trim_R1	3.0	4.0	2.0	3.0	0.0	4.0	13.0	11.0	6.0	6.0	3.0	3.0	5.0	9.0	9.0	6.0	13.0	13.0	3.0	6.0	10.0	15.0	10.0	6.0	8.0	6.0	6.0	16.0	15.0	8.0	21.0	5.0	12.0	10.0	10.0	10.0	18.0	27.0	8.0	16.0	20.0	108.0	16274.0
	37	42	47	52	57	62	67	72	77	82	87	92	97	102	107	112	117	122	127	132	137	142	147	152	157	162	167	172	177	182	187	192	197	202	207	212	217	222	227	232	237	242	247	251
Kwale-Coast-41_S32_L001_paired_trim_R2	37.0	40.0	18.0	28.0	12.0	14.0	9.0	7.0	9.0	16.0	18.0	11.0	21.0	27.0	40.0	29.0	33.0	28.0	23.0	25.0	18.0	16.0	33.0	35.0	17.0	34.0	39.0	35.0	47.0	59.0	60.0	55.0	48.0	51.0	63.0	88.0	74.0	163.0	147.0	157.0	206.0	240.0	561.0	14070.0
	37	42	47	52	57	62	67	72	77	82	87	92	97	102	107	112	117	122	127	132	137	142	147	152	157	162	167	172	177	182	187	192	197	202	207	212	217	222	227	232	237	242	247	251
Kwale-Coast-42_S33_L001_paired_trim_R1	7.0	6.0	4.0	6.0	4.0	7.0	7.0	14.0	72.0	28.0	14.0	16.0	18.0	24.0	12.0	10.0	23.0	15.0	10.0	16.0	11.0	9.0	18.0	28.0	17.0	12.0	17.0	20.0	30.0	24.0	16.0	20.0	14.0	11.0	10.0	22.0	9.0	36.0	31.0	24.0	25.0	29.0	145.0	26184.0
	37	42	47	52	57	62	67	72	77	82	87	92	97	102	107	112	117	122	127	132	137	142	147	152	157	162	167	172	177	182	187	192	197	202	207	212	217	222	227	232	237	242	247	251
Kwale-Coast-42_S33_L001_paired_trim_R2	118.0	115.0	35.0	45.0	22.0	17.0	32.0	24.0	15.0	21.0	20.0	27.0	30.0	26.0	42.0	41.0	59.0	30.0	31.0	26.0	29.0	40.0	45.0	45.0	49.0	42.0	69.0	41.0	109.0	147.0	138.0	84.0	101.0	125.0	108.0	149.0	162.0	297.0	281.0	325.0	375.0	359.0	925.0	22254.0
	37	42	47	52	57	62	67	72	77	82	87	92	97	102	107	112	117	122	127	132	137	142	147	152	157	162	167	172	177	182	187	192	197	202	207	212	217	222	227	232	237	242	247	251
Kwale-Coast-43_S34_L001_paired_trim_R1	5.0	6.0	3.0	2.0	1.0	4.0	3.0	9.0	12.0	11.0	9.0	4.0	7.0	5.0	8.0	8.0	15.0	1.0	11.0	5.0	12.0	11.0	6.0	5.0	7.0	7.0	7.0	4.0	6.0	9.0	15.0	14.0	8.0	13.0	9.0	12.0	13.0	26.0	33.0	14.0	21.0	18.0	120.0	22735.0
	37	42	47	52	57	62	67	72	77	82	87	92	97	102	107	112	117	122	127	132	137	142	147	152	157	162	167	172	177	182	187	192	197	202	207	212	217	222	227	232	237	242	247	251
Kwale-Coast-43_S34_L001_paired_trim_R2	48.0	47.0	30.0	30.0	23.0	11.0	11.0	22.0	10.0	25.0	17.0	14.0	21.0	34.0	30.0	22.0	36.0	21.0	25.0	20.0	35.0	38.0	38.0	43.0	27.0	39.0	50.0	48.0	76.0	89.0	95.0	73.0	69.0	93.0	116.0	128.0	111.0	214.0	288.0	298.0	342.0	361.0	833.0	19253.0
	37	42	47	52	57	62	67	72	77	82	87	92	97	102	107	112	117	122	127	132	137	142	147	152	157	162	167	172	177	182	187	192	197	202	207	212	217	222	227	232	237	242	247	251
Kwale-Coast-45_S35_L001_paired_trim_R1	6.0	12.0	5.0	8.0	11.0	3.0	6.0	3.0	9.0	6.0	5.0	3.0	9.0	5.0	21.0	6.0	22.0	13.0	13.0	1.0	7.0	7.0	13.0	7.0	11.0	9.0	12.0	12.0	11.0	10.0	22.0	17.0	9.0	20.0	10.0	8.0	14.0	35.0	28.0	31.0	30.0	32.0	131.0	34125.0
	37	42	47	52	57	62	67	72	77	82	87	92	97	102	107	112	117	122	127	132	137	142	147	152	157	162	167	172	177	182	187	192	197	202	207	212	217	222	227	232	237	242	247	251
Kwale-Coast-45_S35_L001_paired_trim_R2	47.0	42.0	20.0	40.0	18.0	18.0	20.0	20.0	9.0	25.0	18.0	13.0	27.0	23.0	28.0	43.0	34.0	17.0	17.0	8.0	27.0	19.0	39.0	48.0	28.0	35.0	47.0	34.0	53.0	64.0	85.0	67.0	63.0	85.0	86.0	94.0	95.0	230.0	251.0	312.0	341.0	424.0	927.0	30837.0
	42	47	52	57	62	67	72	77	82	87	92	97	102	107	112	117	122	127	132	137	142	147	152	157	162	167	172	177	182	187	192	197	202	207	212	217	222	227	232	237	242	247	251
Kwale-Coast-46_S36_L001_paired_trim_R1	3.0	5.0	8.0	4.0	9.0	4.0	12.0	47.0	13.0	10.0	8.0	14.0	9.0	8.0	6.0	11.0	17.0	12.0	13.0	10.0	13.0	12.0	13.0	7.0	7.0	15.0	14.0	11.0	16.0	13.0	10.0	14.0	15.0	13.0	20.0	13.0	23.0	19.0	16.0	28.0	22.0	103.0	20841.0
	37	42	47	52	57	62	67	72	77	82	87	92	97	102	107	112	117	122	127	132	137	142	147	152	157	162	167	172	177	182	187	192	197	202	207	212	217	222	227	232	237	242	247	251
Kwale-Coast-46_S36_L001_paired_trim_R2	75.0	83.0	30.0	41.0	24.0	19.0	17.0	7.0	20.0	22.0	16.0	15.0	28.0	29.0	14.0	23.0	14.0	11.0	18.0	22.0	14.0	28.0	31.0	29.0	35.0	33.0	31.0	36.0	46.0	47.0	61.0	57.0	54.0	77.0	78.0	80.0	101.0	128.0	179.0	255.0	265.0	314.0	720.0	18254.0
	37	42	47	52	57	62	67	72	77	82	87	92	97	102	107	112	117	122	127	132	137	142	147	152	157	162	167	172	177	182	187	192	197	202	207	212	217	222	227	232	237	242	247	251
Kwale-Coast-47_S37_L001_paired_trim_R1	6.0	6.0	2.0	3.0	9.0	9.0	7.0	28.0	126.0	58.0	21.0	33.0	23.0	23.0	25.0	19.0	25.0	26.0	23.0	14.0	14.0	14.0	28.0	26.0	13.0	19.0	12.0	13.0	18.0	16.0	13.0	20.0	7.0	16.0	19.0	18.0	15.0	26.0	31.0	22.0	29.0	27.0	126.0	20587.0
	37	42	47	52	57	62	67	72	77	82	87	92	97	102	107	112	117	122	127	132	137	142	147	152	157	162	167	172	177	182	187	192	197	202	207	212	217	222	227	232	237	242	247	251
Kwale-Coast-47_S37_L001_paired_trim_R2	111.0	270.0	59.0	47.0	44.0	27.0	26.0	21.0	12.0	23.0	14.0	18.0	21.0	21.0	23.0	42.0	28.0	34.0	24.0	23.0	26.0	23.0	34.0	45.0	26.0	45.0	35.0	38.0	53.0	68.0	100.0	82.0	69.0	85.0	94.0	97.0	117.0	181.0	231.0	207.0	280.0	306.0	754.0	17731.0
	37	42	47	52	57	62	67	72	77	82	87	92	97	102	107	112	117	122	127	132	137	142	147	152	157	162	167	172	177	182	187	192	197	202	207	212	217	222	227	232	237	242	247	251
Kwale-Coast-48_S38_L001_paired_trim_R1	5.0	2.0	4.0	3.0	7.0	5.0	6.0	15.0	37.0	25.0	12.0	12.0	18.0	12.0	22.0	11.0	21.0	15.0	19.0	4.0	17.0	14.0	13.0	16.0	10.0	21.0	14.0	14.0	16.0	22.0	17.0	13.0	13.0	19.0	15.0	17.0	16.0	27.0	32.0	25.0	26.0	41.0	146.0	24682.0
	37	42	47	52	57	62	67	72	77	82	87	92	97	102	107	112	117	122	127	132	137	142	147	152	157	162	167	172	177	182	187	192	197	202	207	212	217	222	227	232	237	242	247	251
Kwale-Coast-48_S38_L001_paired_trim_R2	55.0	112.0	32.0	44.0	45.0	21.0	29.0	15.0	13.0	27.0	19.0	36.0	29.0	45.0	43.0	40.0	38.0	33.0	33.0	21.0	19.0	28.0	24.0	52.0	19.0	52.0	52.0	38.0	56.0	77.0	112.0	83.0	94.0	108.0	106.0	134.0	107.0	215.0	251.0	271.0	308.0	405.0	1027.0	21133.0
	37	42	47	52	57	62	67	72	77	82	87	92	97	102	107	112	117	122	127	132	137	142	147	152	157	162	167	172	177	182	187	192	197	202	207	212	217	222	227	232	237	242	247	251
Kwale-Coast-51_S40_L001_paired_trim_R1	2.0	7.0	6.0	6.0	10.0	7.0	5.0	13.0	5.0	4.0	3.0	6.0	4.0	3.0	13.0	9.0	15.0	4.0	8.0	2.0	6.0	6.0	16.0	11.0	7.0	9.0	16.0	9.0	14.0	16.0	20.0	17.0	11.0	21.0	14.0	16.0	12.0	23.0	31.0	30.0	26.0	26.0	132.0	30492.0
	37	42	47	52	57	62	67	72	77	82	87	92	97	102	107	112	117	122	127	132	137	142	147	152	157	162	167	172	177	182	187	192	197	202	207	212	217	222	227	232	237	242	247	251
Kwale-Coast-51_S40_L001_paired_trim_R2	15.0	20.0	23.0	25.0	24.0	18.0	29.0	22.0	13.0	13.0	18.0	15.0	33.0	37.0	32.0	47.0	48.0	32.0	18.0	16.0	20.0	19.0	43.0	52.0	30.0	51.0	61.0	48.0	78.0	123.0	165.0	117.0	118.0	106.0	116.0	218.0	239.0	480.0	309.0	413.0	459.0	510.0	1009.0	25831.0
	37	42	47	52	57	62	67	72	77	82	87	92	97	102	107	112	117	122	127	132	137	142	147	152	157	162	167	172	177	182	187	192	197	202	207	212	217	222	227	232	237	242	247	251
Kwale-Coast-52_S41_L001_paired_trim_R1	5.0	1.0	1.0	1.0	5.0	2.0	4.0	11.0	27.0	19.0	13.0	5.0	8.0	6.0	10.0	2.0	11.0	6.0	5.0	8.0	5.0	11.0	11.0	9.0	5.0	7.0	11.0	8.0	7.0	9.0	9.0	14.0	6.0	8.0	10.0	11.0	9.0	13.0	20.0	9.0	18.0	8.0	70.0	14681.0
	37	42	47	52	57	62	67	72	77	82	87	92	97	102	107	112	117	122	127	132	137	142	147	152	157	162	167	172	177	182	187	192	197	202	207	212	217	222	227	232	237	242	247	251
Kwale-Coast-52_S41_L001_paired_trim_R2	47.0	80.0	16.0	19.0	13.0	10.0	10.0	20.0	5.0	10.0	7.0	7.0	15.0	9.0	21.0	22.0	24.0	17.0	10.0	13.0	16.0	26.0	38.0	28.0	14.0	27.0	30.0	24.0	45.0	63.0	92.0	69.0	52.0	75.0	72.0	119.0	132.0	222.0	166.0	191.0	221.0	274.0	610.0	12138.0
	37	42	47	52	57	62	67	72	77	82	87	92	97	102	107	112	117	122	127	132	137	142	147	152	157	162	167	172	177	182	187	192	197	202	207	212	217	222	227	232	237	242	247	251
Kwale-Coast-55_S44_L001_paired_trim_R1	3.0	9.0	1.0	4.0	3.0	5.0	6.0	10.0	21.0	11.0	11.0	9.0	12.0	8.0	13.0	16.0	17.0	6.0	8.0	6.0	10.0	10.0	13.0	13.0	12.0	18.0	10.0	13.0	18.0	18.0	22.0	19.0	4.0	11.0	8.0	10.0	23.0	30.0	40.0	30.0	31.0	24.0	144.0	27257.0
	37	42	47	52	57	62	67	72	77	82	87	92	97	102	107	112	117	122	127	132	137	142	147	152	157	162	167	172	177	182	187	192	197	202	207	212	217	222	227	232	237	242	247	251
Kwale-Coast-55_S44_L001_paired_trim_R2	36.0	57.0	22.0	27.0	34.0	17.0	23.0	21.0	18.0	27.0	10.0	20.0	32.0	33.0	47.0	108.0	68.0	42.0	14.0	23.0	23.0	46.0	68.0	60.0	34.0	73.0	105.0	74.0	86.0	148.0	161.0	115.0	106.0	125.0	129.0	194.0	176.0	331.0	256.0	311.0	337.0	354.0	779.0	23197.0
	37	42	47	52	57	62	67	72	77	82	87	92	97	102	107	112	117	122	127	132	137	142	147	152	157	162	167	172	177	182	187	192	197	202	207	212	217	222	227	232	237	242	247	251
Kwale-Coast-56_S45_L001_paired_trim_R1	6.0	9.0	9.0	6.0	7.0	9.0	14.0	18.0	60.0	43.0	18.0	9.0	16.0	14.0	26.0	14.0	24.0	17.0	11.0	12.0	16.0	16.0	21.0	25.0	13.0	16.0	22.0	16.0	28.0	33.0	28.0	30.0	11.0	17.0	22.0	17.0	18.0	61.0	44.0	36.0	45.0	42.0	161.0	40517.0
	37	42	47	52	57	62	67	72	77	82	87	92	97	102	107	112	117	122	127	132	137	142	147	152	157	162	167	172	177	182	187	192	197	202	207	212	217	222	227	232	237	242	247	251
Kwale-Coast-56_S45_L001_paired_trim_R2	61.0	154.0	64.0	53.0	42.0	18.0	36.0	29.0	26.0	27.0	20.0	24.0	39.0	56.0	60.0	114.0	65.0	51.0	22.0	22.0	36.0	49.0	80.0	72.0	60.0	76.0	111.0	88.0	139.0	207.0	212.0	139.0	156.0	172.0	136.0	281.0	286.0	542.0	415.0	453.0	553.0	580.0	1263.0	34508.0
	37	42	47	52	57	62	67	72	77	82	87	92	97	102	107	112	117	122	127	132	137	142	147	152	157	162	167	172	177	182	187	192	197	202	207	212	217	222	227	232	237	242	247	251
Kwale-Coast-57_S46_L001_paired_trim_R1	3.0	15.0	10.0	9.0	6.0	4.0	11.0	16.0	52.0	23.0	19.0	15.0	14.0	13.0	16.0	11.0	22.0	12.0	17.0	12.0	11.0	15.0	17.0	20.0	10.0	12.0	16.0	17.0	19.0	13.0	22.0	34.0	21.0	23.0	14.0	15.0	28.0	33.0	32.0	34.0	35.0	38.0	160.0	31054.0
	37	42	47	52	57	62	67	72	77	82	87	92	97	102	107	112	117	122	127	132	137	142	147	152	157	162	167	172	177	182	187	192	197	202	207	212	217	222	227	232	237	242	247	251
Kwale-Coast-57_S46_L001_paired_trim_R2	72.0	108.0	38.0	56.0	50.0	20.0	31.0	25.0	27.0	23.0	15.0	18.0	23.0	35.0	44.0	28.0	38.0	36.0	31.0	36.0	26.0	27.0	46.0	48.0	31.0	49.0	53.0	59.0	84.0	79.0	114.0	87.0	86.0	133.0	133.0	148.0	135.0	267.0	360.0	360.0	397.0	452.0	1165.0	26900.0
	37	42	47	52	57	62	67	72	77	82	87	92	97	102	107	112	117	122	127	132	137	142	147	152	157	162	167	172	177	182	187	192	197	202	207	212	217	222	227	232	237	242	247	251
Kwale-Coast-58_S47_L001_paired_trim_R1	7.0	19.0	12.0	7.0	5.0	11.0	16.0	19.0	40.0	9.0	10.0	14.0	19.0	20.0	18.0	10.0	38.0	11.0	13.0	9.0	8.0	19.0	23.0	25.0	13.0	28.0	25.0	18.0	25.0	38.0	36.0	38.0	16.0	38.0	27.0	24.0	32.0	81.0	43.0	42.0	41.0	51.0	223.0	49988.0
	37	42	47	52	57	62	67	72	77	82	87	92	97	102	107	112	117	122	127	132	137	142	147	152	157	162	167	172	177	182	187	192	197	202	207	212	217	222	227	232	237	242	247	251
Kwale-Coast-58_S47_L001_paired_trim_R2	72.0	84.0	53.0	45.0	32.0	21.0	33.0	47.0	26.0	40.0	24.0	33.0	55.0	63.0	68.0	120.0	91.0	73.0	39.0	45.0	49.0	67.0	108.0	108.0	61.0	90.0	123.0	88.0	155.0	238.0	254.0	191.0	203.0	208.0	215.0	341.0	377.0	607.0	549.0	653.0	739.0	832.0	1472.0	42417.0
	37	42	47	52	57	62	67	72	77	82	87	92	97	102	107	112	117	122	127	132	137	142	147	152	157	162	167	172	177	182	187	192	197	202	207	212	217	222	227	232	237	242	247	251
Kwale-Coast-59_S48_L001_paired_trim_R1	4.0	6.0	3.0	5.0	5.0	8.0	7.0	8.0	24.0	20.0	8.0	12.0	7.0	9.0	9.0	11.0	14.0	11.0	18.0	8.0	15.0	15.0	6.0	11.0	10.0	15.0	17.0	9.0	10.0	12.0	12.0	17.0	20.0	17.0	11.0	18.0	12.0	21.0	27.0	20.0	34.0	24.0	108.0	12704.0
	37	42	47	52	57	62	67	72	77	82	87	92	97	102	107	112	117	122	127	132	137	142	147	152	157	162	167	172	177	182	187	192	197	202	207	212	217	222	227	232	237	242	247	251
Kwale-Coast-59_S48_L001_paired_trim_R2	39.0	58.0	31.0	34.0	37.0	31.0	21.0	24.0	22.0	11.0	20.0	18.0	26.0	33.0	31.0	28.0	24.0	29.0	26.0	22.0	35.0	27.0	28.0	42.0	27.0	45.0	46.0	38.0	76.0	67.0	72.0	59.0	77.0	94.0	97.0	116.0	137.0	196.0	185.0	236.0	254.0	288.0	795.0	9760.0
	37	42	47	52	57	62	67	72	77	82	87	92	97	102	107	112	117	122	127	132	137	142	147	152	157	162	167	172	177	182	187	192	197	202	207	212	217	222	227	232	237	242	247	251
Nairobi-11_S10_L001_paired_trim_R1	4.0	5.0	2.0	2.0	6.0	1.0	5.0	9.0	5.0	4.0	7.0	3.0	1.0	5.0	7.0	2.0	9.0	6.0	9.0	3.0	7.0	5.0	9.0	14.0	7.0	8.0	8.0	6.0	4.0	4.0	7.0	10.0	8.0	5.0	13.0	12.0	12.0	15.0	21.0	13.0	19.0	24.0	64.0	17655.0
	37	42	47	52	57	62	67	72	77	82	87	92	97	102	107	112	117	122	127	132	137	142	147	152	157	162	167	172	177	182	187	192	197	202	207	212	217	222	227	232	237	242	247	251
Nairobi-11_S10_L001_paired_trim_R2	20.0	20.0	18.0	25.0	23.0	11.0	7.0	16.0	7.0	15.0	9.0	14.0	15.0	16.0	18.0	26.0	12.0	11.0	11.0	8.0	11.0	10.0	19.0	27.0	16.0	20.0	26.0	23.0	42.0	38.0	43.0	32.0	40.0	66.0	61.0	72.0	82.0	163.0	169.0	185.0	190.0	282.0	637.0	15489.0
	37	42	47	52	57	62	67	72	77	82	87	92	97	102	107	112	117	122	127	132	137	142	147	152	157	162	167	172	177	182	187	192	197	202	207	212	217	222	227	232	237	242	247	251
Nairobi-12_S11_L001_paired_trim_R1	3.0	7.0	2.0	7.0	10.0	7.0	7.0	7.0	6.0	2.0	8.0	5.0	8.0	5.0	4.0	2.0	16.0	5.0	6.0	4.0	2.0	9.0	7.0	7.0	3.0	8.0	10.0	20.0	15.0	20.0	18.0	17.0	7.0	12.0	25.0	10.0	23.0	42.0	22.0	22.0	20.0	18.0	107.0	26860.0
	37	42	47	52	57	62	67	72	77	82	87	92	97	102	107	112	117	122	127	132	137	142	147	152	157	162	167	172	177	182	187	192	197	202	207	212	217	222	227	232	237	242	247	251
Nairobi-12_S11_L001_paired_trim_R2	33.0	33.0	21.0	39.0	23.0	13.0	20.0	16.0	10.0	30.0	5.0	18.0	21.0	20.0	29.0	27.0	27.0	16.0	20.0	26.0	18.0	19.0	33.0	21.0	30.0	34.0	39.0	41.0	55.0	82.0	90.0	87.0	66.0	106.0	83.0	111.0	130.0	230.0	226.0	288.0	402.0	402.0	933.0	23452.0
	37	42	47	52	57	62	67	72	77	82	87	92	97	102	107	112	117	122	127	132	137	142	147	152	157	162	167	172	177	182	187	192	197	202	207	212	217	222	227	232	237	242	247	251
Nairobi-13_S12_L001_paired_trim_R1	8.0	9.0	3.0	10.0	10.0	8.0	9.0	12.0	37.0	19.0	19.0	13.0	13.0	15.0	23.0	15.0	25.0	18.0	24.0	6.0	11.0	14.0	24.0	25.0	17.0	18.0	21.0	11.0	33.0	28.0	29.0	34.0	27.0	26.0	27.0	20.0	33.0	39.0	37.0	45.0	40.0	50.0	227.0	36376.0
	37	42	47	52	57	62	67	72	77	82	87	92	97	102	107	112	117	122	127	132	137	142	147	152	157	162	167	172	177	182	187	192	197	202	207	212	217	222	227	232	237	242	247	251
Nairobi-13_S12_L001_paired_trim_R2	67.0	52.0	58.0	59.0	59.0	38.0	39.0	29.0	34.0	34.0	17.0	38.0	47.0	42.0	58.0	89.0	89.0	50.0	26.0	35.0	52.0	57.0	93.0	78.0	48.0	79.0	114.0	94.0	138.0	219.0	195.0	153.0	167.0	192.0	183.0	262.0	264.0	449.0	414.0	523.0	552.0	584.0	1446.0	30192.0
	37	42	47	52	57	62	67	72	77	82	87	92	97	102	107	112	117	122	127	132	137	142	147	152	157	162	167	172	177	182	187	192	197	202	207	212	217	222	227	232	237	242	247	251
Nairobi-15_S13_L001_paired_trim_R1	2.0	4.0	2.0	3.0	0.0	2.0	3.0	8.0	36.0	17.0	7.0	12.0	10.0	10.0	9.0	7.0	9.0	6.0	12.0	8.0	3.0	4.0	8.0	5.0	7.0	1.0	5.0	2.0	9.0	7.0	9.0	5.0	3.0	6.0	7.0	8.0	6.0	9.0	9.0	7.0	11.0	14.0	53.0	5559.0
	37	42	47	52	57	62	67	72	77	82	87	92	97	102	107	112	117	122	127	132	137	142	147	152	157	162	167	172	177	182	187	192	197	202	207	212	217	222	227	232	237	242	247	251
Nairobi-15_S13_L001_paired_trim_R2	17.0	33.0	30.0	22.0	52.0	23.0	5.0	5.0	4.0	9.0	5.0	5.0	17.0	10.0	11.0	13.0	5.0	11.0	12.0	9.0	14.0	4.0	15.0	9.0	12.0	15.0	13.0	17.0	23.0	23.0	38.0	17.0	20.0	38.0	34.0	43.0	37.0	61.0	60.0	55.0	77.0	86.0	268.0	4647.0
	37	42	47	52	57	62	67	72	77	82	87	92	97	102	107	112	117	122	127	132	137	142	147	152	157	162	167	172	177	182	187	192	197	202	207	212	217	222	227	232	237	242	247	251
Nairobi-16_S14_L001_paired_trim_R1	1.0	0.0	1.0	1.0	0.0	2.0	1.0	9.0	24.0	17.0	10.0	6.0	8.0	6.0	5.0	5.0	8.0	1.0	1.0	3.0	4.0	5.0	1.0	7.0	4.0	5.0	7.0	2.0	3.0	3.0	5.0	5.0	2.0	0.0	4.0	4.0	4.0	8.0	3.0	0.0	7.0	10.0	38.0	5090.0
	37	42	47	52	57	62	67	72	77	82	87	92	97	102	107	112	117	122	127	132	137	142	147	152	157	162	167	172	177	182	187	192	197	202	207	212	217	222	227	232	237	242	247	251
Nairobi-16_S14_L001_paired_trim_R2	18.0	30.0	21.0	23.0	36.0	16.0	5.0	6.0	4.0	8.0	2.0	8.0	4.0	5.0	4.0	8.0	8.0	7.0	7.0	7.0	10.0	10.0	2.0	11.0	2.0	6.0	7.0	11.0	20.0	14.0	18.0	14.0	24.0	30.0	23.0	21.0	26.0	43.0	61.0	69.0	69.0	84.0	222.0	4306.0
	37	42	47	52	57	62	67	72	77	82	87	92	97	102	107	112	117	122	127	132	137	142	147	152	157	162	167	172	177	182	187	192	197	202	207	212	217	222	227	232	237	242	247	251
Nairobi-17_S15_L001_paired_trim_R1	3.0	5.0	2.0	1.0	7.0	3.0	16.0	23.0	126.0	58.0	26.0	25.0	22.0	19.0	27.0	13.0	23.0	23.0	14.0	13.0	19.0	13.0	20.0	10.0	13.0	13.0	15.0	11.0	13.0	16.0	19.0	16.0	14.0	18.0	12.0	14.0	12.0	16.0	24.0	24.0	12.0	27.0	101.0	18641.0
	37	42	47	52	57	62	67	72	77	82	87	92	97	102	107	112	117	122	127	132	137	142	147	152	157	162	167	172	177	182	187	192	197	202	207	212	217	222	227	232	237	242	247	251
Nairobi-17_S15_L001_paired_trim_R2	73.0	143.0	81.0	63.0	150.0	46.0	28.0	20.0	11.0	17.0	20.0	23.0	28.0	17.0	18.0	16.0	11.0	23.0	18.0	18.0	27.0	33.0	47.0	21.0	35.0	55.0	62.0	61.0	70.0	92.0	98.0	81.0	91.0	138.0	103.0	115.0	109.0	155.0	241.0	375.0	459.0	433.0	639.0	15178.0
	37	42	47	52	57	62	67	72	77	82	87	92	97	102	107	112	117	122	127	132	137	142	147	152	157	162	167	172	177	182	187	192	197	202	207	212	217	222	227	232	237	242	247	251
Nairobi-18_S16_L001_paired_trim_R1	1.0	4.0	2.0	1.0	1.0	2.0	6.0	4.0	1.0	4.0	2.0	4.0	4.0	2.0	9.0	3.0	6.0	4.0	0.0	2.0	1.0	8.0	3.0	9.0	6.0	9.0	5.0	7.0	8.0	8.0	16.0	14.0	8.0	5.0	9.0	4.0	6.0	17.0	17.0	12.0	12.0	6.0	62.0	15154.0
	37	42	47	52	57	62	67	72	77	82	87	92	97	102	107	112	117	122	127	132	137	142	147	152	157	162	167	172	177	182	187	192	197	202	207	212	217	222	227	232	237	242	247	251
Nairobi-18_S16_L001_paired_trim_R2	15.0	14.0	9.0	15.0	7.0	12.0	18.0	9.0	3.0	3.0	1.0	7.0	21.0	18.0	20.0	38.0	27.0	23.0	4.0	16.0	12.0	31.0	30.0	34.0	23.0	27.0	38.0	29.0	42.0	92.0	105.0	64.0	63.0	94.0	77.0	110.0	151.0	219.0	197.0	210.0	263.0	290.0	494.0	12493.0
	37	42	47	52	57	62	67	72	77	82	87	92	97	102	107	112	117	122	127	132	137	142	147	152	157	162	167	172	177	182	187	192	197	202	207	212	217	222	227	232	237	242	247	251
Nairobi-19_S17_L001_paired_trim_R1	1.0	0.0	1.0	1.0	1.0	2.0	2.0	3.0	17.0	7.0	6.0	2.0	5.0	6.0	5.0	5.0	9.0	2.0	4.0	3.0	4.0	4.0	8.0	2.0	5.0	6.0	9.0	2.0	9.0	6.0	9.0	4.0	5.0	3.0	6.0	5.0	6.0	9.0	15.0	5.0	12.0	10.0	48.0	11023.0
	37	42	47	52	57	62	67	72	77	82	87	92	97	102	107	112	117	122	127	132	137	142	147	152	157	162	167	172	177	182	187	192	197	202	207	212	217	222	227	232	237	242	247	251
Nairobi-19_S17_L001_paired_trim_R2	22.0	19.0	24.0	16.0	25.0	12.0	9.0	11.0	6.0	9.0	3.0	10.0	13.0	23.0	18.0	27.0	35.0	19.0	12.0	12.0	12.0	16.0	41.0	29.0	19.0	23.0	38.0	34.0	53.0	54.0	75.0	49.0	58.0	60.0	60.0	82.0	72.0	144.0	127.0	209.0	201.0	209.0	348.0	8959.0
	37	42	47	52	57	62	67	72	77	82	87	92	97	102	107	112	117	122	127	132	137	142	147	152	157	162	167	172	177	182	187	192	197	202	207	212	217	222	227	232	237	242	247	251
Nairobi-1_S1_L001_paired_trim_R1	2.0	4.0	3.0	2.0	1.0	2.0	4.0	13.0	36.0	9.0	8.0	7.0	8.0	6.0	7.0	12.0	7.0	17.0	6.0	9.0	7.0	7.0	8.0	9.0	1.0	6.0	7.0	5.0	8.0	8.0	11.0	12.0	6.0	11.0	8.0	7.0	7.0	13.0	8.0	9.0	12.0	9.0	45.0	8968.0
	37	42	47	52	57	62	67	72	77	82	87	92	97	102	107	112	117	122	127	132	137	142	147	152	157	162	167	172	177	182	187	192	197	202	207	212	217	222	227	232	237	242	247	251
Nairobi-1_S1_L001_paired_trim_R2	34.0	24.0	24.0	25.0	38.0	22.0	4.0	2.0	8.0	12.0	9.0	11.0	14.0	16.0	7.0	14.0	13.0	13.0	6.0	8.0	8.0	11.0	17.0	13.0	9.0	15.0	19.0	15.0	29.0	34.0	39.0	40.0	23.0	41.0	40.0	41.0	61.0	86.0	99.0	121.0	141.0	139.0	360.0	7650.0
	37	42	47	52	57	62	67	72	77	82	87	92	97	102	107	112	117	122	127	132	137	142	147	152	157	162	167	172	177	182	187	192	197	202	207	212	217	222	227	232	237	242	247	251
Nairobi-21_S18_L001_paired_trim_R1	2.0	3.0	6.0	0.0	2.0	5.0	4.0	12.0	31.0	18.0	8.0	7.0	9.0	6.0	11.0	8.0	11.0	10.0	10.0	7.0	6.0	9.0	6.0	5.0	4.0	7.0	12.0	11.0	11.0	11.0	10.0	14.0	4.0	11.0	9.0	13.0	5.0	14.0	17.0	7.0	17.0	19.0	64.0	15744.0
	37	42	47	52	57	62	67	72	77	82	87	92	97	102	107	112	117	122	127	132	137	142	147	152	157	162	167	172	177	182	187	192	197	202	207	212	217	222	227	232	237	242	247	251
Nairobi-21_S18_L001_paired_trim_R2	38.0	45.0	29.0	28.0	52.0	18.0	13.0	15.0	6.0	10.0	6.0	9.0	11.0	16.0	17.0	30.0	20.0	10.0	16.0	9.0	19.0	22.0	26.0	24.0	13.0	35.0	36.0	27.0	44.0	54.0	60.0	48.0	57.0	54.0	68.0	76.0	98.0	174.0	188.0	223.0	264.0	250.0	587.0	13355.0
	37	42	47	52	57	62	67	72	77	82	87	92	97	102	107	112	117	122	127	132	137	142	147	152	157	162	167	172	177	182	187	192	197	202	207	212	217	222	227	232	237	242	247	251
Nairobi-22_S19_L001_paired_trim_R1	4.0	4.0	2.0	4.0	5.0	3.0	4.0	9.0	15.0	10.0	4.0	7.0	10.0	8.0	7.0	9.0	18.0	9.0	8.0	10.0	6.0	10.0	14.0	6.0	7.0	11.0	10.0	8.0	9.0	17.0	18.0	11.0	4.0	17.0	11.0	13.0	12.0	17.0	19.0	15.0	19.0	30.0	98.0	18135.0
	37	42	47	52	57	62	67	72	77	82	87	92	97	102	107	112	117	122	127	132	137	142	147	152	157	162	167	172	177	182	187	192	197	202	207	212	217	222	227	232	237	242	247	251
Nairobi-22_S19_L001_paired_trim_R2	25.0	38.0	25.0	26.0	27.0	17.0	11.0	16.0	20.0	17.0	9.0	31.0	28.0	37.0	34.0	67.0	33.0	30.0	16.0	15.0	19.0	22.0	42.0	35.0	40.0	45.0	63.0	44.0	64.0	94.0	97.0	85.0	81.0	105.0	113.0	144.0	139.0	235.0	249.0	308.0	331.0	310.0	694.0	14786.0
	37	42	47	52	57	62	67	72	77	82	87	92	97	102	107	112	117	122	127	132	137	142	147	152	157	162	167	172	177	182	187	192	197	202	207	212	217	222	227	232	237	242	247	251
Nairobi-23_S20_L001_paired_trim_R1	1.0	7.0	2.0	1.0	2.0	3.0	3.0	6.0	16.0	5.0	5.0	6.0	9.0	2.0	8.0	5.0	7.0	4.0	8.0	3.0	3.0	6.0	7.0	5.0	2.0	5.0	5.0	2.0	4.0	6.0	12.0	7.0	6.0	12.0	7.0	5.0	15.0	19.0	13.0	15.0	13.0	22.0	67.0	12747.0
	37	42	47	52	57	62	67	72	77	82	87	92	97	102	107	112	117	122	127	132	137	142	147	152	157	162	167	172	177	182	187	192	197	202	207	212	217	222	227	232	237	242	247	251
Nairobi-23_S20_L001_paired_trim_R2	20.0	19.0	16.0	17.0	28.0	7.0	9.0	11.0	4.0	13.0	3.0	13.0	16.0	20.0	14.0	25.0	17.0	19.0	14.0	7.0	8.0	18.0	15.0	19.0	13.0	15.0	22.0	24.0	19.0	44.0	41.0	39.0	35.0	50.0	46.0	83.0	80.0	101.0	118.0	109.0	166.0	228.0	562.0	10961.0
	37	42	47	52	57	62	67	72	77	82	87	92	97	102	107	112	117	122	127	132	137	142	147	152	157	162	167	172	177	182	187	192	197	202	207	212	217	222	227	232	237	242	247	251
Nairobi-24_S21_L001_paired_trim_R1	1.0	13.0	7.0	5.0	3.0	0.0	5.0	9.0	27.0	14.0	11.0	16.0	7.0	4.0	10.0	9.0	26.0	11.0	6.0	8.0	17.0	8.0	18.0	23.0	9.0	12.0	11.0	8.0	7.0	14.0	20.0	18.0	11.0	16.0	15.0	13.0	10.0	32.0	25.0	28.0	26.0	31.0	116.0	25469.0
	37	42	47	52	57	62	67	72	77	82	87	92	97	102	107	112	117	122	127	132	137	142	147	152	157	162	167	172	177	182	187	192	197	202	207	212	217	222	227	232	237	242	247	251
Nairobi-24_S21_L001_paired_trim_R2	24.0	52.0	31.0	43.0	40.0	23.0	37.0	32.0	18.0	14.0	10.0	18.0	29.0	46.0	58.0	72.0	61.0	47.0	17.0	24.0	30.0	44.0	73.0	52.0	38.0	65.0	75.0	53.0	121.0	204.0	168.0	112.0	123.0	170.0	132.0	229.0	260.0	419.0	356.0	439.0	506.0	433.0	892.0	20459.0
	37	42	47	52	57	62	67	72	77	82	87	92	97	102	107	112	117	122	127	132	137	142	147	152	157	162	167	172	177	182	187	192	197	202	207	212	217	222	227	232	237	242	247	251
Nairobi-25_S22_L001_paired_trim_R1	3.0	1.0	4.0	2.0	6.0	3.0	3.0	3.0	6.0	1.0	4.0	3.0	6.0	6.0	9.0	2.0	13.0	2.0	7.0	5.0	4.0	3.0	9.0	5.0	10.0	4.0	5.0	11.0	9.0	7.0	7.0	11.0	5.0	16.0	7.0	12.0	12.0	17.0	16.0	6.0	11.0	22.0	79.0	16879.0
	37	42	47	52	57	62	67	72	77	82	87	92	97	102	107	112	117	122	127	132	137	142	147	152	157	162	167	172	177	182	187	192	197	202	207	212	217	222	227	232	237	242	247	251
Nairobi-25_S22_L001_paired_trim_R2	23.0	17.0	18.0	33.0	17.0	16.0	16.0	22.0	11.0	10.0	7.0	13.0	21.0	29.0	21.0	33.0	24.0	25.0	18.0	13.0	23.0	21.0	32.0	38.0	18.0	36.0	36.0	27.0	45.0	76.0	80.0	58.0	56.0	85.0	74.0	112.0	114.0	229.0	211.0	269.0	265.0	292.0	669.0	14003.0
	37	42	47	52	57	62	67	72	77	82	87	92	97	102	107	112	117	122	127	132	137	142	147	152	157	162	167	172	177	182	187	192	197	202	207	212	217	222	227	232	237	242	247	251
Nairobi-27_S23_L001_paired_trim_R1	6.0	5.0	6.0	5.0	7.0	4.0	4.0	3.0	5.0	9.0	1.0	8.0	11.0	6.0	6.0	4.0	8.0	5.0	6.0	3.0	4.0	7.0	6.0	5.0	6.0	3.0	11.0	11.0	18.0	12.0	24.0	12.0	3.0	17.0	8.0	5.0	8.0	27.0	21.0	20.0	29.0	21.0	129.0	26855.0
	37	42	47	52	57	62	67	72	77	82	87	92	97	102	107	112	117	122	127	132	137	142	147	152	157	162	167	172	177	182	187	192	197	202	207	212	217	222	227	232	237	242	247	251
Nairobi-27_S23_L001_paired_trim_R2	27.0	33.0	38.0	29.0	23.0	12.0	13.0	13.0	13.0	15.0	7.0	25.0	26.0	19.0	21.0	15.0	15.0	9.0	10.0	6.0	17.0	27.0	24.0	20.0	12.0	17.0	24.0	34.0	33.0	66.0	84.0	65.0	56.0	69.0	83.0	124.0	153.0	219.0	289.0	645.0	890.0	784.0	1045.0	22225.0
	37	42	47	52	57	62	67	72	77	82	87	92	97	102	107	112	117	122	127	132	137	142	147	152	157	162	167	172	177	182	187	192	197	202	207	212	217	222	227	232	237	242	247	251
Nairobi-28_S24_L001_paired_trim_R1	8.0	7.0	8.0	3.0	8.0	12.0	6.0	26.0	273.0	119.0	54.0	56.0	39.0	52.0	28.0	25.0	38.0	23.0	24.0	22.0	21.0	22.0	29.0	23.0	16.0	18.0	17.0	18.0	23.0	15.0	13.0	28.0	20.0	11.0	19.0	16.0	18.0	28.0	42.0	24.0	28.0	22.0	152.0	27572.0
	37	42	47	52	57	62	67	72	77	82	87	92	97	102	107	112	117	122	127	132	137	142	147	152	157	162	167	172	177	182	187	192	197	202	207	212	217	222	227	232	237	242	247	251
Nairobi-28_S24_L001_paired_trim_R2	94.0	186.0	157.0	108.0	335.0	104.0	35.0	16.0	15.0	31.0	18.0	18.0	27.0	20.0	26.0	19.0	26.0	14.0	15.0	17.0	28.0	25.0	34.0	26.0	25.0	34.0	36.0	39.0	51.0	73.0	74.0	65.0	55.0	86.0	93.0	86.0	103.0	147.0	231.0	294.0	313.0	376.0	930.0	24521.0
	37	42	47	52	57	62	67	72	77	82	87	92	97	102	107	112	117	122	127	132	137	142	147	152	157	162	167	172	177	182	187	192	197	202	207	212	217	222	227	232	237	242	247	251
Nairobi-29_S25_L001_paired_trim_R1	2.0	4.0	5.0	5.0	4.0	2.0	2.0	12.0	67.0	28.0	10.0	7.0	6.0	17.0	19.0	8.0	16.0	20.0	17.0	15.0	4.0	8.0	14.0	19.0	14.0	17.0	18.0	12.0	11.0	12.0	17.0	18.0	14.0	11.0	15.0	17.0	7.0	17.0	17.0	24.0	18.0	33.0	120.0	13728.0
	37	42	47	52	57	62	67	72	77	82	87	92	97	102	107	112	117	122	127	132	137	142	147	152	157	162	167	172	177	182	187	192	197	202	207	212	217	222	227	232	237	242	247	251
Nairobi-29_S25_L001_paired_trim_R2	115.0	112.0	20.0	27.0	24.0	16.0	7.0	17.0	8.0	12.0	13.0	24.0	26.0	31.0	31.0	34.0	22.0	30.0	12.0	17.0	27.0	22.0	36.0	32.0	18.0	25.0	34.0	25.0	43.0	71.0	93.0	68.0	52.0	79.0	65.0	96.0	88.0	163.0	184.0	223.0	253.0	288.0	594.0	11274.0
	37	42	47	52	57	62	67	72	77	82	87	92	97	102	107	112	117	122	127	132	137	142	147	152	157	162	167	172	177	182	187	192	197	202	207	212	217	222	227	232	237	242	247	251
Nairobi-2_S2_L001_paired_trim_R1	2.0	2.0	2.0	3.0	3.0	2.0	5.0	47.0	156.0	68.0	37.0	38.0	27.0	25.0	24.0	17.0	19.0	21.0	16.0	22.0	20.0	12.0	23.0	20.0	17.0	18.0	11.0	10.0	13.0	16.0	11.0	13.0	14.0	15.0	15.0	15.0	17.0	24.0	16.0	20.0	12.0	18.0	115.0	13927.0
	37	42	47	52	57	62	67	72	77	82	87	92	97	102	107	112	117	122	127	132	137	142	147	152	157	162	167	172	177	182	187	192	197	202	207	212	217	222	227	232	237	242	247	251
Nairobi-2_S2_L001_paired_trim_R2	128.0	84.0	75.0	80.0	225.0	81.0	24.0	13.0	18.0	30.0	15.0	16.0	16.0	16.0	14.0	33.0	23.0	14.0	14.0	15.0	10.0	33.0	36.0	33.0	22.0	40.0	34.0	37.0	53.0	56.0	93.0	62.0	65.0	126.0	97.0	100.0	134.0	166.0	180.0	241.0	282.0	328.0	667.0	11099.0
	37	42	47	52	57	62	67	72	77	82	87	92	97	102	107	112	117	122	127	132	137	142	147	152	157	162	167	172	177	182	187	192	197	202	207	212	217	222	227	232	237	242	247	251
Nairobi-3_S3_L001_paired_trim_R1	4.0	3.0	1.0	3.0	2.0	2.0	6.0	11.0	40.0	21.0	14.0	14.0	10.0	8.0	7.0	10.0	7.0	11.0	9.0	7.0	14.0	6.0	11.0	7.0	7.0	9.0	13.0	4.0	6.0	10.0	12.0	13.0	9.0	14.0	11.0	6.0	6.0	15.0	15.0	18.0	16.0	16.0	79.0	13244.0
	37	42	47	52	57	62	67	72	77	82	87	92	97	102	107	112	117	122	127	132	137	142	147	152	157	162	167	172	177	182	187	192	197	202	207	212	217	222	227	232	237	242	247	251
Nairobi-3_S3_L001_paired_trim_R2	43.0	39.0	42.0	25.0	61.0	30.0	9.0	12.0	7.0	11.0	7.0	13.0	17.0	21.0	13.0	13.0	19.0	18.0	18.0	21.0	35.0	29.0	23.0	34.0	27.0	33.0	38.0	44.0	47.0	47.0	58.0	50.0	44.0	70.0	71.0	79.0	83.0	109.0	132.0	188.0	214.0	214.0	514.0	11129.0
	37	42	47	52	57	62	67	72	77	82	87	92	97	102	107	112	117	122	127	132	137	142	147	152	157	162	167	172	177	182	187	192	197	202	207	212	217	222	227	232	237	242	247	251
Nairobi-4_S4_L001_paired_trim_R1	4.0	3.0	2.0	4.0	2.0	8.0	10.0	5.0	8.0	1.0	3.0	4.0	7.0	4.0	5.0	6.0	3.0	5.0	10.0	5.0	10.0	7.0	13.0	11.0	10.0	6.0	11.0	8.0	16.0	17.0	11.0	17.0	8.0	5.0	10.0	13.0	12.0	28.0	19.0	18.0	26.0	21.0	116.0	16351.0
	37	42	47	52	57	62	67	72	77	82	87	92	97	102	107	112	117	122	127	132	137	142	147	152	157	162	167	172	177	182	187	192	197	202	207	212	217	222	227	232	237	242	247	251
Nairobi-4_S4_L001_paired_trim_R2	22.0	22.0	23.0	21.0	11.0	13.0	18.0	13.0	12.0	11.0	7.0	12.0	27.0	19.0	21.0	27.0	26.0	16.0	18.0	20.0	34.0	38.0	40.0	31.0	23.0	40.0	46.0	38.0	56.0	74.0	103.0	62.0	61.0	100.0	93.0	91.0	113.0	152.0	192.0	262.0	325.0	344.0	596.0	13590.0
	37	42	47	52	57	62	67	72	77	82	87	92	97	102	107	112	117	122	127	132	137	142	147	152	157	162	167	172	177	182	187	192	197	202	207	212	217	222	227	232	237	242	247	251
Nairobi-5_S5_L001_paired_trim_R1	1.0	4.0	1.0	2.0	2.0	1.0	2.0	17.0	41.0	12.0	13.0	9.0	7.0	9.0	7.0	12.0	17.0	12.0	14.0	8.0	6.0	8.0	12.0	9.0	7.0	9.0	4.0	10.0	7.0	13.0	12.0	12.0	5.0	11.0	10.0	7.0	9.0	17.0	19.0	13.0	14.0	12.0	67.0	13378.0
	37	42	47	52	57	62	67	72	77	82	87	92	97	102	107	112	117	122	127	132	137	142	147	152	157	162	167	172	177	182	187	192	197	202	207	212	217	222	227	232	237	242	247	251
Nairobi-5_S5_L001_paired_trim_R2	33.0	40.0	28.0	40.0	59.0	27.0	9.0	11.0	8.0	15.0	8.0	10.0	21.0	17.0	24.0	34.0	19.0	15.0	11.0	16.0	19.0	15.0	30.0	30.0	14.0	38.0	30.0	31.0	40.0	74.0	61.0	59.0	47.0	52.0	72.0	75.0	92.0	131.0	116.0	149.0	180.0	180.0	505.0	11377.0
	42	47	52	57	62	67	72	77	82	87	92	97	102	107	112	117	122	127	132	137	142	147	152	157	162	167	172	177	182	187	192	197	202	207	212	217	222	227	232	237	242	247	251
Nairobi-6_S6_L001_paired_trim_R1	4.0	3.0	6.0	3.0	3.0	7.0	44.0	103.0	45.0	26.0	25.0	38.0	36.0	21.0	16.0	19.0	16.0	21.0	21.0	13.0	9.0	18.0	13.0	13.0	8.0	17.0	10.0	11.0	15.0	18.0	17.0	8.0	14.0	15.0	8.0	12.0	26.0	16.0	18.0	26.0	29.0	101.0	23302.0
	37	42	47	52	57	62	67	72	77	82	87	92	97	102	107	112	117	122	127	132	137	142	147	152	157	162	167	172	177	182	187	192	197	202	207	212	217	222	227	232	237	242	247	251
Nairobi-6_S6_L001_paired_trim_R2	109.0	75.0	77.0	77.0	154.0	60.0	30.0	20.0	14.0	19.0	8.0	13.0	16.0	29.0	26.0	37.0	19.0	18.0	11.0	22.0	25.0	18.0	27.0	38.0	23.0	34.0	55.0	44.0	63.0	91.0	112.0	69.0	70.0	91.0	73.0	129.0	103.0	223.0	214.0	232.0	300.0	306.0	668.0	20352.0
	37	42	47	52	57	62	67	72	77	82	87	92	97	102	107	112	117	122	127	132	137	142	147	152	157	162	167	172	177	182	187	192	197	202	207	212	217	222	227	232	237	242	247	251
Nairobi-7_S7_L001_paired_trim_R1	2.0	4.0	3.0	5.0	3.0	2.0	4.0	15.0	15.0	9.0	8.0	5.0	7.0	9.0	7.0	8.0	19.0	9.0	8.0	9.0	6.0	7.0	9.0	9.0	11.0	9.0	10.0	17.0	15.0	15.0	10.0	14.0	9.0	10.0	17.0	7.0	16.0	20.0	16.0	21.0	19.0	18.0	97.0	23844.0
	37	42	47	52	57	62	67	72	77	82	87	92	97	102	107	112	117	122	127	132	137	142	147	152	157	162	167	172	177	182	187	192	197	202	207	212	217	222	227	232	237	242	247	251
Nairobi-7_S7_L001_paired_trim_R2	25.0	42.0	26.0	40.0	46.0	21.0	20.0	13.0	14.0	19.0	9.0	6.0	36.0	26.0	33.0	44.0	39.0	29.0	10.0	23.0	10.0	25.0	31.0	32.0	17.0	42.0	44.0	32.0	50.0	95.0	97.0	67.0	72.0	100.0	84.0	108.0	129.0	228.0	201.0	251.0	317.0	292.0	747.0	20785.0
	42	47	52	57	62	67	72	77	82	87	92	97	102	107	112	117	122	127	132	137	142	147	152	157	162	167	172	177	182	187	192	197	202	207	212	217	222	227	232	237	242	247	251
Nairobi-8_S8_L001_paired_trim_R1	4.0	6.0	4.0	3.0	2.0	7.0	9.0	24.0	12.0	13.0	4.0	12.0	13.0	6.0	11.0	7.0	6.0	9.0	3.0	5.0	7.0	5.0	9.0	7.0	6.0	15.0	5.0	10.0	13.0	13.0	7.0	12.0	4.0	15.0	14.0	11.0	18.0	13.0	10.0	11.0	19.0	59.0	16282.0
	37	42	47	52	57	62	67	72	77	82	87	92	97	102	107	112	117	122	127	132	137	142	147	152	157	162	167	172	177	182	187	192	197	202	207	212	217	222	227	232	237	242	247	251
Nairobi-8_S8_L001_paired_trim_R2	47.0	26.0	33.0	31.0	42.0	18.0	15.0	14.0	10.0	11.0	6.0	6.0	11.0	14.0	22.0	40.0	14.0	17.0	15.0	8.0	17.0	9.0	25.0	24.0	17.0	20.0	26.0	22.0	33.0	67.0	74.0	45.0	52.0	50.0	50.0	89.0	70.0	129.0	133.0	180.0	169.0	194.0	521.0	14309.0
	37	42	47	52	57	62	67	72	77	82	87	92	97	102	107	112	117	122	127	132	137	142	147	152	157	162	167	172	177	182	187	192	197	202	207	212	217	222	227	232	237	242	247	251
Nairobi-9_S9_L001_paired_trim_R1	4.0	7.0	3.0	7.0	6.0	2.0	8.0	15.0	17.0	8.0	11.0	4.0	12.0	9.0	16.0	10.0	20.0	9.0	8.0	4.0	7.0	10.0	12.0	14.0	10.0	12.0	8.0	7.0	15.0	19.0	17.0	23.0	13.0	17.0	13.0	12.0	12.0	31.0	30.0	31.0	22.0	33.0	114.0	28751.0
	37	42	47	52	57	62	67	72	77	82	87	92	97	102	107	112	117	122	127	132	137	142	147	152	157	162	167	172	177	182	187	192	197	202	207	212	217	222	227	232	237	242	247	251
Nairobi-9_S9_L001_paired_trim_R2	33.0	45.0	36.0	36.0	26.0	15.0	30.0	25.0	17.0	19.0	15.0	17.0	32.0	39.0	38.0	86.0	41.0	37.0	17.0	15.0	26.0	35.0	50.0	63.0	32.0	53.0	57.0	53.0	84.0	139.0	151.0	92.0	106.0	130.0	105.0	188.0	204.0	333.0	291.0	343.0	397.0	421.0	874.0	24567.0

