	23.0	24.0	25.0	26.0	27.0	28.0	29.0	30.0	31.0	32.0	33.0	34.0	35.0	36.0	37.0	38.0
Kakamega-101_S80_L001_paired_trim_R1	1.0	1.0	8.0	13.0	21.0	28.0	41.0	56.0	100.0	111.0	177.0	290.0	478.0	939.0	8079.0	10220.0
	16.0	17.0	18.0	19.0	20.0	21.0	22.0	23.0	24.0	25.0	26.0	27.0	28.0	29.0	30.0	31.0	32.0	33.0	34.0	35.0	36.0	37.0	38.0
Kakamega-101_S80_L001_paired_trim_R2	3.0	4.0	16.0	22.0	28.0	35.0	30.0	12.0	20.0	23.0	29.0	39.0	89.0	162.0	251.0	350.0	419.0	449.0	776.0	1250.0	2977.0	8519.0	5060.0
	24.0	25.0	26.0	27.0	28.0	29.0	30.0	31.0	32.0	33.0	34.0	35.0	36.0	37.0	38.0
Kakamega-102_S81_L001_paired_trim_R1	6.0	8.0	15.0	23.0	24.0	49.0	84.0	98.0	116.0	184.0	289.0	507.0	1320.0	8551.0	11130.0
	17.0	18.0	19.0	20.0	21.0	22.0	23.0	24.0	25.0	26.0	27.0	28.0	29.0	30.0	31.0	32.0	33.0	34.0	35.0	36.0	37.0	38.0
Kakamega-102_S81_L001_paired_trim_R2	2.0	14.0	28.0	34.0	44.0	39.0	25.0	20.0	28.0	41.0	74.0	93.0	215.0	407.0	536.0	641.0	714.0	962.0	1459.0	3191.0	8381.0	5456.0
	22.0	23.0	24.0	25.0	26.0	27.0	28.0	29.0	30.0	31.0	32.0	33.0	34.0	35.0	36.0	37.0	38.0
Kakamega-103_S82_L001_paired_trim_R1	1.0	0.0	3.0	8.0	12.0	20.0	40.0	43.0	83.0	82.0	123.0	178.0	274.0	519.0	1145.0	10195.0	11162.0
	16.0	17.0	18.0	19.0	20.0	21.0	22.0	23.0	24.0	25.0	26.0	27.0	28.0	29.0	30.0	31.0	32.0	33.0	34.0	35.0	36.0	37.0	38.0
Kakamega-103_S82_L001_paired_trim_R2	2.0	15.0	15.0	20.0	38.0	37.0	24.0	30.0	27.0	42.0	55.0	56.0	94.0	138.0	240.0	386.0	623.0	1043.0	1883.0	2723.0	3985.0	8741.0	3671.0
	23.0	24.0	25.0	26.0	27.0	28.0	29.0	30.0	31.0	32.0	33.0	34.0	35.0	36.0	37.0	38.0
Kakamega-105_S83_L001_paired_trim_R1	1.0	2.0	8.0	14.0	21.0	26.0	41.0	52.0	82.0	121.0	156.0	236.0	467.0	1055.0	6898.0	7955.0
	16.0	17.0	18.0	19.0	20.0	21.0	22.0	23.0	24.0	25.0	26.0	27.0	28.0	29.0	30.0	31.0	32.0	33.0	34.0	35.0	36.0	37.0	38.0
Kakamega-105_S83_L001_paired_trim_R2	1.0	12.0	17.0	18.0	23.0	40.0	27.0	19.0	24.0	26.0	32.0	60.0	77.0	119.0	188.0	260.0	425.0	647.0	1011.0	1321.0	2676.0	6576.0	3536.0
	24.0	25.0	26.0	27.0	28.0	29.0	30.0	31.0	32.0	33.0	34.0	35.0	36.0	37.0	38.0
Kakamega-106_S84_L001_paired_trim_R1	2.0	1.0	14.0	9.0	19.0	29.0	37.0	55.0	85.0	128.0	181.0	329.0	848.0	4698.0	5779.0
	17.0	18.0	19.0	20.0	21.0	22.0	23.0	24.0	25.0	26.0	27.0	28.0	29.0	30.0	31.0	32.0	33.0	34.0	35.0	36.0	37.0	38.0
Kakamega-106_S84_L001_paired_trim_R2	4.0	8.0	15.0	31.0	44.0	25.0	12.0	16.0	21.0	22.0	38.0	68.0	102.0	242.0	336.0	408.0	435.0	543.0	874.0	1919.0	4740.0	2311.0
	21.0	22.0	23.0	24.0	25.0	26.0	27.0	28.0	29.0	30.0	31.0	32.0	33.0	34.0	35.0	36.0	37.0	38.0
Kakamega-108_S85_L001_paired_trim_R1	2.0	1.0	3.0	7.0	25.0	59.0	124.0	154.0	208.0	300.0	381.0	510.0	712.0	1048.0	1729.0	3856.0	26126.0	31535.0
	16.0	17.0	18.0	19.0	20.0	21.0	22.0	23.0	24.0	25.0	26.0	27.0	28.0	29.0	30.0	31.0	32.0	33.0	34.0	35.0	36.0	37.0	38.0
Kakamega-108_S85_L001_paired_trim_R2	5.0	28.0	66.0	180.0	335.0	308.0	191.0	96.0	89.0	129.0	160.0	231.0	304.0	419.0	715.0	1044.0	1445.0	1956.0	2850.0	4636.0	10217.0	26137.0	15239.0
	19.0	20.0	21.0	22.0	23.0	24.0	25.0	26.0	27.0	28.0	29.0	30.0	31.0	32.0	33.0	34.0	35.0	36.0	37.0	38.0
Kakamega-111_S86_L001_paired_trim_R1	1.0	0.0	0.0	3.0	2.0	5.0	14.0	23.0	32.0	66.0	74.0	119.0	155.0	217.0	351.0	572.0	1029.0	2846.0	11175.0	17653.0
	16.0	17.0	18.0	19.0	20.0	21.0	22.0	23.0	24.0	25.0	26.0	27.0	28.0	29.0	30.0	31.0	32.0	33.0	34.0	35.0	36.0	37.0	38.0
Kakamega-111_S86_L001_paired_trim_R2	4.0	12.0	34.0	42.0	49.0	65.0	46.0	38.0	46.0	58.0	86.0	96.0	169.0	300.0	577.0	1018.0	1359.0	1574.0	1705.0	2611.0	6069.0	12014.0	6365.0
	22.0	23.0	24.0	25.0	26.0	27.0	28.0	29.0	30.0	31.0	32.0	33.0	34.0	35.0	36.0	37.0	38.0
Kakamega-114_S87_L001_paired_trim_R1	2.0	0.0	2.0	9.0	20.0	25.0	52.0	94.0	119.0	195.0	223.0	329.0	441.0	861.0	2293.0	14108.0	12525.0
	16.0	17.0	18.0	19.0	20.0	21.0	22.0	23.0	24.0	25.0	26.0	27.0	28.0	29.0	30.0	31.0	32.0	33.0	34.0	35.0	36.0	37.0	38.0
Kakamega-114_S87_L001_paired_trim_R2	1.0	17.0	35.0	52.0	62.0	47.0	43.0	34.0	41.0	40.0	93.0	101.0	157.0	268.0	454.0	844.0	1418.0	2055.0	2595.0	2587.0	4156.0	11660.0	4538.0
	20.0	21.0	22.0	23.0	24.0	25.0	26.0	27.0	28.0	29.0	30.0	31.0	32.0	33.0	34.0	35.0	36.0	37.0	38.0
Kakamega-115_S88_L001_paired_trim_R1	1.0	0.0	0.0	1.0	5.0	7.0	18.0	25.0	46.0	81.0	98.0	139.0	180.0	286.0	428.0	807.0	1769.0	9778.0	19641.0
	17.0	18.0	19.0	20.0	21.0	22.0	23.0	24.0	25.0	26.0	27.0	28.0	29.0	30.0	31.0	32.0	33.0	34.0	35.0	36.0	37.0	38.0
Kakamega-115_S88_L001_paired_trim_R2	5.0	21.0	25.0	24.0	22.0	18.0	32.0	25.0	42.0	63.0	85.0	179.0	377.0	739.0	1073.0	1403.0	1392.0	1383.0	1688.0	3669.0	13752.0	7293.0
	22.0	23.0	24.0	25.0	26.0	27.0	28.0	29.0	30.0	31.0	32.0	33.0	34.0	35.0	36.0	37.0	38.0
Kakamega-116_S89_L001_paired_trim_R1	1.0	2.0	3.0	7.0	17.0	21.0	49.0	70.0	82.0	126.0	202.0	240.0	343.0	699.0	1650.0	9161.0	17628.0
	16.0	17.0	18.0	19.0	20.0	21.0	22.0	23.0	24.0	25.0	26.0	27.0	28.0	29.0	30.0	31.0	32.0	33.0	34.0	35.0	36.0	37.0	38.0
Kakamega-116_S89_L001_paired_trim_R2	4.0	20.0	37.0	66.0	84.0	75.0	32.0	34.0	21.0	43.0	62.0	67.0	147.0	304.0	499.0	779.0	1132.0	1263.0	1415.0	1921.0	4623.0	11743.0	5930.0
	23.0	24.0	25.0	26.0	27.0	28.0	29.0	30.0	31.0	32.0	33.0	34.0	35.0	36.0	37.0	38.0
Kakamega-91_S72_L001_paired_trim_R1	3.0	1.0	10.0	15.0	21.0	46.0	46.0	73.0	83.0	104.0	86.0	166.0	296.0	597.0	3051.0	3860.0
	16.0	17.0	18.0	19.0	20.0	21.0	22.0	23.0	24.0	25.0	26.0	27.0	28.0	29.0	30.0	31.0	32.0	33.0	34.0	35.0	36.0	37.0	38.0
Kakamega-91_S72_L001_paired_trim_R2	1.0	7.0	16.0	89.0	229.0	215.0	74.0	19.0	7.0	11.0	18.0	31.0	39.0	102.0	172.0	321.0	394.0	333.0	320.0	410.0	1041.0	3026.0	1583.0
	23.0	24.0	25.0	26.0	27.0	28.0	29.0	30.0	31.0	32.0	33.0	34.0	35.0	36.0	37.0	38.0
Kakamega-92_S73_L001_paired_trim_R1	2.0	10.0	29.0	46.0	86.0	155.0	209.0	216.0	261.0	342.0	413.0	530.0	854.0	2041.0	15127.0	17960.0
	15.0	16.0	17.0	18.0	19.0	20.0	21.0	22.0	23.0	24.0	25.0	26.0	27.0	28.0	29.0	30.0	31.0	32.0	33.0	34.0	35.0	36.0	37.0	38.0
Kakamega-92_S73_L001_paired_trim_R2	1.0	4.0	34.0	98.0	202.0	351.0	537.0	343.0	129.0	53.0	67.0	74.0	99.0	115.0	200.0	315.0	464.0	715.0	1105.0	1525.0	2544.0	5295.0	14830.0	9181.0
	25.0	26.0	27.0	28.0	29.0	30.0	31.0	32.0	33.0	34.0	35.0	36.0	37.0	38.0
Kakamega-93_S74_L001_paired_trim_R1	6.0	9.0	23.0	24.0	40.0	62.0	85.0	121.0	158.0	218.0	395.0	892.0	6240.0	8144.0
	16.0	17.0	18.0	19.0	20.0	21.0	22.0	23.0	24.0	25.0	26.0	27.0	28.0	29.0	30.0	31.0	32.0	33.0	34.0	35.0	36.0	37.0	38.0
Kakamega-93_S74_L001_paired_trim_R2	1.0	4.0	15.0	18.0	35.0	37.0	33.0	22.0	21.0	24.0	47.0	59.0	72.0	119.0	205.0	278.0	384.0	553.0	781.0	1194.0	2770.0	6401.0	3344.0
	21.0	22.0	23.0	24.0	25.0	26.0	27.0	28.0	29.0	30.0	31.0	32.0	33.0	34.0	35.0	36.0	37.0	38.0
Kakamega-94_S75_L001_paired_trim_R1	1.0	0.0	2.0	5.0	7.0	31.0	49.0	83.0	125.0	129.0	179.0	233.0	281.0	345.0	652.0	1662.0	9820.0	6998.0
	16.0	17.0	18.0	19.0	20.0	21.0	22.0	23.0	24.0	25.0	26.0	27.0	28.0	29.0	30.0	31.0	32.0	33.0	34.0	35.0	36.0	37.0	38.0
Kakamega-94_S75_L001_paired_trim_R2	4.0	19.0	50.0	102.0	161.0	202.0	155.0	49.0	31.0	51.0	58.0	80.0	92.0	194.0	296.0	537.0	911.0	1233.0	1636.0	2003.0	2893.0	7217.0	2628.0
	23.0	24.0	25.0	26.0	27.0	28.0	29.0	30.0	31.0	32.0	33.0	34.0	35.0	36.0	37.0	38.0
Kakamega-96_S76_L001_paired_trim_R1	1.0	2.0	6.0	7.0	16.0	40.0	34.0	70.0	82.0	121.0	180.0	277.0	522.0	1349.0	9560.0	10026.0
	16.0	17.0	18.0	19.0	20.0	21.0	22.0	23.0	24.0	25.0	26.0	27.0	28.0	29.0	30.0	31.0	32.0	33.0	34.0	35.0	36.0	37.0	38.0
Kakamega-96_S76_L001_paired_trim_R2	2.0	8.0	22.0	22.0	21.0	13.0	17.0	17.0	12.0	21.0	32.0	39.0	106.0	224.0	406.0	647.0	837.0	873.0	1163.0	2092.0	3681.0	8319.0	3719.0
	21.0	22.0	23.0	24.0	25.0	26.0	27.0	28.0	29.0	30.0	31.0	32.0	33.0	34.0	35.0	36.0	37.0	38.0
Kakamega-97_S77_L001_paired_trim_R1	1.0	0.0	1.0	7.0	8.0	32.0	50.0	78.0	117.0	132.0	172.0	156.0	273.0	367.0	589.0	1535.0	10150.0	8643.0
	16.0	17.0	18.0	19.0	20.0	21.0	22.0	23.0	24.0	25.0	26.0	27.0	28.0	29.0	30.0	31.0	32.0	33.0	34.0	35.0	36.0	37.0	38.0
Kakamega-97_S77_L001_paired_trim_R2	2.0	29.0	69.0	114.0	172.0	241.0	133.0	54.0	32.0	30.0	33.0	48.0	128.0	256.0	459.0	657.0	751.0	923.0	1268.0	2085.0	3449.0	8140.0	3238.0
	23.0	24.0	25.0	26.0	27.0	28.0	29.0	30.0	31.0	32.0	33.0	34.0	35.0	36.0	37.0	38.0
Kakamega-98_S78_L001_paired_trim_R1	1.0	1.0	6.0	14.0	18.0	39.0	52.0	58.0	57.0	117.0	147.0	189.0	443.0	1057.0	6913.0	7801.0
	16.0	17.0	18.0	19.0	20.0	21.0	22.0	23.0	24.0	25.0	26.0	27.0	28.0	29.0	30.0	31.0	32.0	33.0	34.0	35.0	36.0	37.0	38.0
Kakamega-98_S78_L001_paired_trim_R2	3.0	14.0	17.0	38.0	73.0	89.0	55.0	29.0	14.0	22.0	22.0	39.0	80.0	171.0	349.0	496.0	593.0	630.0	891.0	1507.0	2464.0	6350.0	2967.0
	24.0	25.0	26.0	27.0	28.0	29.0	30.0	31.0	32.0	33.0	34.0	35.0	36.0	37.0	38.0
Kakamega-99_S79_L001_paired_trim_R1	3.0	3.0	13.0	10.0	20.0	43.0	48.0	65.0	96.0	140.0	244.0	400.0	890.0	6157.0	7730.0
	17.0	18.0	19.0	20.0	21.0	22.0	23.0	24.0	25.0	26.0	27.0	28.0	29.0	30.0	31.0	32.0	33.0	34.0	35.0	36.0	37.0	38.0
Kakamega-99_S79_L001_paired_trim_R2	5.0	11.0	20.0	28.0	20.0	25.0	18.0	17.0	22.0	31.0	48.0	92.0	173.0	329.0	376.0	415.0	491.0	606.0	971.0	2221.0	6650.0	3293.0
	24.0	25.0	26.0	27.0	28.0	29.0	30.0	31.0	32.0	33.0	34.0	35.0	36.0	37.0	38.0
Kilifi-Coast-61_S49_L001_paired_trim_R1	2.0	12.0	14.0	32.0	46.0	67.0	79.0	92.0	141.0	177.0	201.0	323.0	838.0	6551.0	6858.0
	16.0	17.0	18.0	19.0	20.0	21.0	22.0	23.0	24.0	25.0	26.0	27.0	28.0	29.0	30.0	31.0	32.0	33.0	34.0	35.0	36.0	37.0	38.0
Kilifi-Coast-61_S49_L001_paired_trim_R2	3.0	4.0	32.0	66.0	135.0	201.0	113.0	39.0	11.0	25.0	28.0	39.0	70.0	82.0	117.0	222.0	288.0	373.0	528.0	930.0	2218.0	6324.0	3585.0
	23.0	24.0	25.0	26.0	27.0	28.0	29.0	30.0	31.0	32.0	33.0	34.0	35.0	36.0	37.0	38.0
Kilifi-Coast-62_S50_L001_paired_trim_R1	1.0	1.0	7.0	12.0	24.0	38.0	47.0	59.0	90.0	97.0	140.0	198.0	356.0	750.0	5073.0	6094.0
	16.0	17.0	18.0	19.0	20.0	21.0	22.0	23.0	24.0	25.0	26.0	27.0	28.0	29.0	30.0	31.0	32.0	33.0	34.0	35.0	36.0	37.0	38.0
Kilifi-Coast-62_S50_L001_paired_trim_R2	1.0	5.0	17.0	39.0	61.0	73.0	48.0	31.0	23.0	19.0	30.0	46.0	58.0	94.0	137.0	199.0	269.0	413.0	747.0	1052.0	2115.0	5234.0	2276.0
	23.0	24.0	25.0	26.0	27.0	28.0	29.0	30.0	31.0	32.0	33.0	34.0	35.0	36.0	37.0	38.0
Kilifi-Coast-63_S51_L001_paired_trim_R1	1.0	3.0	8.0	15.0	27.0	40.0	59.0	82.0	109.0	124.0	181.0	277.0	459.0	1147.0	8204.0	7564.0
	16.0	17.0	18.0	19.0	20.0	21.0	22.0	23.0	24.0	25.0	26.0	27.0	28.0	29.0	30.0	31.0	32.0	33.0	34.0	35.0	36.0	37.0	38.0
Kilifi-Coast-63_S51_L001_paired_trim_R2	4.0	3.0	17.0	28.0	67.0	90.0	53.0	32.0	17.0	26.0	37.0	47.0	77.0	137.0	185.0	353.0	600.0	914.0	1170.0	1447.0	2708.0	6805.0	3483.0
	23.0	24.0	25.0	26.0	27.0	28.0	29.0	30.0	31.0	32.0	33.0	34.0	35.0	36.0	37.0	38.0
Kilifi-Coast-64_S52_L001_paired_trim_R1	1.0	1.0	3.0	6.0	15.0	19.0	25.0	30.0	51.0	83.0	120.0	203.0	340.0	908.0	4863.0	6715.0
	16.0	17.0	18.0	19.0	20.0	21.0	22.0	23.0	24.0	25.0	26.0	27.0	28.0	29.0	30.0	31.0	32.0	33.0	34.0	35.0	36.0	37.0	38.0
Kilifi-Coast-64_S52_L001_paired_trim_R2	1.0	0.0	9.0	4.0	4.0	4.0	9.0	7.0	6.0	8.0	16.0	27.0	74.0	156.0	319.0	466.0	517.0	529.0	629.0	825.0	1634.0	5046.0	3093.0
	24.0	25.0	26.0	27.0	28.0	29.0	30.0	31.0	32.0	33.0	34.0	35.0	36.0	37.0	38.0
Kilifi-Coast-65_S53_L001_paired_trim_R1	1.0	6.0	16.0	18.0	48.0	51.0	61.0	101.0	119.0	150.0	231.0	504.0	1005.0	4897.0	7548.0
	16.0	17.0	18.0	19.0	20.0	21.0	22.0	23.0	24.0	25.0	26.0	27.0	28.0	29.0	30.0	31.0	32.0	33.0	34.0	35.0	36.0	37.0	38.0
Kilifi-Coast-65_S53_L001_paired_trim_R2	1.0	10.0	24.0	46.0	110.0	127.0	76.0	36.0	17.0	19.0	26.0	38.0	78.0	201.0	320.0	506.0	575.0	577.0	602.0	930.0	2127.0	5080.0	3230.0
	24.0	25.0	26.0	27.0	28.0	29.0	30.0	31.0	32.0	33.0	34.0	35.0	36.0	37.0	38.0
Kilifi-Coast-66_S54_L001_paired_trim_R1	1.0	5.0	7.0	14.0	28.0	51.0	52.0	69.0	96.0	128.0	177.0	307.0	891.0	4721.0	5796.0
	16.0	17.0	18.0	19.0	20.0	21.0	22.0	23.0	24.0	25.0	26.0	27.0	28.0	29.0	30.0	31.0	32.0	33.0	34.0	35.0	36.0	37.0	38.0
Kilifi-Coast-66_S54_L001_paired_trim_R2	1.0	9.0	22.0	43.0	80.0	104.0	58.0	29.0	14.0	12.0	12.0	22.0	76.0	157.0	300.0	403.0	473.0	552.0	651.0	969.0	1797.0	4436.0	2123.0
	22.0	23.0	24.0	25.0	26.0	27.0	28.0	29.0	30.0	31.0	32.0	33.0	34.0	35.0	36.0	37.0	38.0
Kilifi-Coast-67_S55_L001_paired_trim_R1	1.0	0.0	2.0	5.0	10.0	18.0	25.0	48.0	51.0	79.0	101.0	152.0	249.0	458.0	1138.0	7287.0	11239.0
	16.0	17.0	18.0	19.0	20.0	21.0	22.0	23.0	24.0	25.0	26.0	27.0	28.0	29.0	30.0	31.0	32.0	33.0	34.0	35.0	36.0	37.0	38.0
Kilifi-Coast-67_S55_L001_paired_trim_R2	2.0	4.0	15.0	24.0	30.0	42.0	33.0	16.0	14.0	30.0	43.0	45.0	90.0	177.0	339.0	562.0	717.0	802.0	831.0	1246.0	2998.0	8047.0	4756.0
	25.0	26.0	27.0	28.0	29.0	30.0	31.0	32.0	33.0	34.0	35.0	36.0	37.0	38.0
Kilifi-Coast-68_S56_L001_paired_trim_R1	2.0	7.0	7.0	17.0	27.0	34.0	48.0	69.0	80.0	121.0	238.0	529.0	3847.0	4523.0
	17.0	18.0	19.0	20.0	21.0	22.0	23.0	24.0	25.0	26.0	27.0	28.0	29.0	30.0	31.0	32.0	33.0	34.0	35.0	36.0	37.0	38.0
Kilifi-Coast-68_S56_L001_paired_trim_R2	3.0	13.0	13.0	20.0	39.0	24.0	13.0	8.0	8.0	11.0	25.0	47.0	71.0	80.0	136.0	213.0	306.0	408.0	573.0	1431.0	4080.0	2027.0
	22.0	23.0	24.0	25.0	26.0	27.0	28.0	29.0	30.0	31.0	32.0	33.0	34.0	35.0	36.0	37.0	38.0
Kilifi-Coast-69_S57_L001_paired_trim_R1	1.0	0.0	3.0	5.0	15.0	25.0	31.0	60.0	66.0	108.0	138.0	190.0	309.0	535.0	1268.0	10397.0	13325.0
	17.0	18.0	19.0	20.0	21.0	22.0	23.0	24.0	25.0	26.0	27.0	28.0	29.0	30.0	31.0	32.0	33.0	34.0	35.0	36.0	37.0	38.0
Kilifi-Coast-69_S57_L001_paired_trim_R2	6.0	10.0	15.0	45.0	55.0	47.0	27.0	20.0	35.0	36.0	50.0	91.0	211.0	330.0	448.0	535.0	606.0	868.0	1536.0	4312.0	10965.0	6228.0
	24.0	25.0	26.0	27.0	28.0	29.0	30.0	31.0	32.0	33.0	34.0	35.0	36.0	37.0	38.0
Kilifi-Coast-71_S58_L001_paired_trim_R1	5.0	8.0	16.0	14.0	26.0	26.0	39.0	55.0	91.0	98.0	164.0	276.0	754.0	5692.0	7986.0
	17.0	18.0	19.0	20.0	21.0	22.0	23.0	24.0	25.0	26.0	27.0	28.0	29.0	30.0	31.0	32.0	33.0	34.0	35.0	36.0	37.0	38.0
Kilifi-Coast-71_S58_L001_paired_trim_R2	6.0	10.0	20.0	23.0	25.0	16.0	14.0	14.0	16.0	19.0	51.0	53.0	103.0	126.0	191.0	267.0	425.0	757.0	1232.0	2790.0	6114.0	2978.0
	24.0	25.0	26.0	27.0	28.0	29.0	30.0	31.0	32.0	33.0	34.0	35.0	36.0	37.0	38.0
Kilifi-Coast-72_S59_L001_paired_trim_R1	2.0	5.0	11.0	9.0	18.0	23.0	43.0	46.0	86.0	97.0	177.0	291.0	723.0	4837.0	6090.0
	17.0	18.0	19.0	20.0	21.0	22.0	23.0	24.0	25.0	26.0	27.0	28.0	29.0	30.0	31.0	32.0	33.0	34.0	35.0	36.0	37.0	38.0
Kilifi-Coast-72_S59_L001_paired_trim_R2	1.0	6.0	20.0	17.0	24.0	21.0	15.0	15.0	17.0	21.0	44.0	59.0	111.0	159.0	252.0	295.0	368.0	498.0	797.0	1894.0	5022.0	2802.0
	24.0	25.0	26.0	27.0	28.0	29.0	30.0	31.0	32.0	33.0	34.0	35.0	36.0	37.0	38.0
Kilifi-Coast-73_S60_L001_paired_trim_R1	1.0	2.0	3.0	9.0	10.0	29.0	27.0	27.0	34.0	56.0	96.0	210.0	419.0	2863.0	2024.0
	16.0	17.0	18.0	19.0	20.0	21.0	22.0	23.0	24.0	25.0	26.0	27.0	28.0	29.0	30.0	31.0	32.0	33.0	34.0	35.0	36.0	37.0	38.0
Kilifi-Coast-73_S60_L001_paired_trim_R2	2.0	1.0	8.0	5.0	8.0	20.0	9.0	7.0	10.0	13.0	14.0	18.0	34.0	35.0	72.0	107.0	156.0	233.0	456.0	727.0	1071.0	1940.0	864.0
	22.0	23.0	24.0	25.0	26.0	27.0	28.0	29.0	30.0	31.0	32.0	33.0	34.0	35.0	36.0	37.0	38.0
Kilifi-Coast-74_S61_L001_paired_trim_R1	1.0	4.0	2.0	11.0	37.0	49.0	70.0	86.0	138.0	153.0	212.0	279.0	415.0	619.0	1477.0	11236.0	13684.0
	16.0	17.0	18.0	19.0	20.0	21.0	22.0	23.0	24.0	25.0	26.0	27.0	28.0	29.0	30.0	31.0	32.0	33.0	34.0	35.0	36.0	37.0	38.0
Kilifi-Coast-74_S61_L001_paired_trim_R2	5.0	6.0	33.0	64.0	165.0	147.0	58.0	26.0	38.0	43.0	56.0	92.0	117.0	191.0	248.0	368.0	595.0	778.0	1139.0	1846.0	4204.0	11711.0	6543.0
	22.0	23.0	24.0	25.0	26.0	27.0	28.0	29.0	30.0	31.0	32.0	33.0	34.0	35.0	36.0	37.0	38.0
Kilifi-Coast-75_S62_L001_paired_trim_R1	1.0	1.0	2.0	7.0	33.0	43.0	84.0	85.0	106.0	189.0	213.0	300.0	426.0	778.0	2049.0	8663.0	10007.0
	16.0	17.0	18.0	19.0	20.0	21.0	22.0	23.0	24.0	25.0	26.0	27.0	28.0	29.0	30.0	31.0	32.0	33.0	34.0	35.0	36.0	37.0	38.0
Kilifi-Coast-75_S62_L001_paired_trim_R2	1.0	4.0	22.0	79.0	208.0	214.0	79.0	30.0	32.0	50.0	61.0	93.0	134.0	217.0	406.0	663.0	978.0	1069.0	1259.0	1751.0	3514.0	8486.0	3637.0
	23.0	24.0	25.0	26.0	27.0	28.0	29.0	30.0	31.0	32.0	33.0	34.0	35.0	36.0	37.0	38.0
Kilifi-Coast-76_S63_L001_paired_trim_R1	2.0	4.0	10.0	16.0	62.0	75.0	97.0	107.0	138.0	189.0	252.0	340.0	541.0	1376.0	9723.0	12207.0
	16.0	17.0	18.0	19.0	20.0	21.0	22.0	23.0	24.0	25.0	26.0	27.0	28.0	29.0	30.0	31.0	32.0	33.0	34.0	35.0	36.0	37.0	38.0
Kilifi-Coast-76_S63_L001_paired_trim_R2	2.0	18.0	34.0	75.0	195.0	223.0	74.0	32.0	18.0	37.0	60.0	57.0	93.0	165.0	245.0	391.0	538.0	744.0	1009.0	1710.0	4052.0	10137.0	5230.0
	20.0	21.0	22.0	23.0	24.0	25.0	26.0	27.0	28.0	29.0	30.0	31.0	32.0	33.0	34.0	35.0	36.0	37.0	38.0
Kilifi-Coast-77_S64_L001_paired_trim_R1	1.0	0.0	0.0	1.0	2.0	12.0	14.0	29.0	50.0	60.0	94.0	118.0	192.0	251.0	402.0	766.0	1923.0	10231.0	17751.0
	17.0	18.0	19.0	20.0	21.0	22.0	23.0	24.0	25.0	26.0	27.0	28.0	29.0	30.0	31.0	32.0	33.0	34.0	35.0	36.0	37.0	38.0
Kilifi-Coast-77_S64_L001_paired_trim_R2	1.0	11.0	16.0	15.0	16.0	15.0	15.0	19.0	29.0	36.0	70.0	141.0	340.0	622.0	985.0	1197.0	1229.0	1217.0	1778.0	3817.0	12947.0	7381.0
	24.0	25.0	26.0	27.0	28.0	29.0	30.0	31.0	32.0	33.0	34.0	35.0	36.0	37.0	38.0
Kilifi-Coast-78_S65_L001_paired_trim_R1	7.0	7.0	10.0	23.0	33.0	33.0	70.0	78.0	113.0	166.0	257.0	483.0	1095.0	6712.0	10027.0
	17.0	18.0	19.0	20.0	21.0	22.0	23.0	24.0	25.0	26.0	27.0	28.0	29.0	30.0	31.0	32.0	33.0	34.0	35.0	36.0	37.0	38.0
Kilifi-Coast-78_S65_L001_paired_trim_R2	11.0	12.0	26.0	31.0	30.0	16.0	19.0	18.0	27.0	26.0	53.0	115.0	248.0	399.0	568.0	652.0	692.0	767.0	1167.0	2581.0	7469.0	4187.0
	23.0	24.0	25.0	26.0	27.0	28.0	29.0	30.0	31.0	32.0	33.0	34.0	35.0	36.0	37.0	38.0
Kilifi-Coast-79_S66_L001_paired_trim_R1	1.0	5.0	18.0	32.0	59.0	83.0	108.0	119.0	134.0	181.0	274.0	339.0	569.0	1478.0	8517.0	11180.0
	16.0	17.0	18.0	19.0	20.0	21.0	22.0	23.0	24.0	25.0	26.0	27.0	28.0	29.0	30.0	31.0	32.0	33.0	34.0	35.0	36.0	37.0	38.0
Kilifi-Coast-79_S66_L001_paired_trim_R2	1.0	19.0	36.0	113.0	300.0	348.0	114.0	23.0	22.0	24.0	42.0	58.0	110.0	240.0	459.0	710.0	895.0	962.0	1145.0	1896.0	3449.0	8294.0	3837.0
	21.0	22.0	23.0	24.0	25.0	26.0	27.0	28.0	29.0	30.0	31.0	32.0	33.0	34.0	35.0	36.0	37.0	38.0
Kilifi-Coast-84_S67_L001_paired_trim_R1	1.0	0.0	1.0	6.0	11.0	21.0	30.0	49.0	63.0	97.0	123.0	168.0	211.0	293.0	534.0	1100.0	9991.0	16483.0
	16.0	17.0	18.0	19.0	20.0	21.0	22.0	23.0	24.0	25.0	26.0	27.0	28.0	29.0	30.0	31.0	32.0	33.0	34.0	35.0	36.0	37.0	38.0
Kilifi-Coast-84_S67_L001_paired_trim_R2	1.0	3.0	16.0	12.0	35.0	34.0	19.0	19.0	22.0	26.0	52.0	52.0	100.0	205.0	311.0	375.0	369.0	496.0	788.0	1392.0	3922.0	13721.0	7212.0
	23.0	24.0	25.0	26.0	27.0	28.0	29.0	30.0	31.0	32.0	33.0	34.0	35.0	36.0	37.0	38.0
Kilifi-Coast-85_S68_L001_paired_trim_R1	2.0	2.0	8.0	25.0	25.0	43.0	59.0	75.0	85.0	146.0	213.0	296.0	553.0	1214.0	10316.0	14393.0
	16.0	17.0	18.0	19.0	20.0	21.0	22.0	23.0	24.0	25.0	26.0	27.0	28.0	29.0	30.0	31.0	32.0	33.0	34.0	35.0	36.0	37.0	38.0
Kilifi-Coast-85_S68_L001_paired_trim_R2	2.0	6.0	14.0	19.0	49.0	44.0	31.0	18.0	22.0	24.0	42.0	66.0	89.0	144.0	260.0	383.0	552.0	669.0	876.0	1374.0	3896.0	12664.0	6211.0
	23.0	24.0	25.0	26.0	27.0	28.0	29.0	30.0	31.0	32.0	33.0	34.0	35.0	36.0	37.0	38.0
Kilifi-Coast-86_S69_L001_paired_trim_R1	1.0	3.0	7.0	13.0	37.0	51.0	87.0	85.0	112.0	186.0	275.0	370.0	743.0	1761.0	10633.0	11538.0
	16.0	17.0	18.0	19.0	20.0	21.0	22.0	23.0	24.0	25.0	26.0	27.0	28.0	29.0	30.0	31.0	32.0	33.0	34.0	35.0	36.0	37.0	38.0
Kilifi-Coast-86_S69_L001_paired_trim_R2	1.0	7.0	11.0	40.0	102.0	107.0	57.0	24.0	23.0	41.0	46.0	76.0	139.0	278.0	506.0	628.0	722.0	969.0	1080.0	1588.0	3554.0	10388.0	5515.0
	24.0	25.0	26.0	27.0	28.0	29.0	30.0	31.0	32.0	33.0	34.0	35.0	36.0	37.0	38.0
Kilifi-Coast-87_S70_L001_paired_trim_R1	2.0	8.0	15.0	35.0	49.0	64.0	100.0	114.0	147.0	177.0	321.0	510.0	1197.0	11738.0	16538.0
	17.0	18.0	19.0	20.0	21.0	22.0	23.0	24.0	25.0	26.0	27.0	28.0	29.0	30.0	31.0	32.0	33.0	34.0	35.0	36.0	37.0	38.0
Kilifi-Coast-87_S70_L001_paired_trim_R2	6.0	17.0	34.0	53.0	58.0	38.0	30.0	32.0	41.0	55.0	83.0	111.0	140.0	188.0	316.0	472.0	664.0	1124.0	2166.0	5637.0	12753.0	6997.0
	21.0	22.0	23.0	24.0	25.0	26.0	27.0	28.0	29.0	30.0	31.0	32.0	33.0	34.0	35.0	36.0	37.0	38.0
Kilifi-Coast-88_S71_L001_paired_trim_R1	1.0	1.0	0.0	4.0	5.0	11.0	22.0	41.0	62.0	83.0	130.0	156.0	265.0	453.0	841.0	2114.0	8964.0	9326.0
	17.0	18.0	19.0	20.0	21.0	22.0	23.0	24.0	25.0	26.0	27.0	28.0	29.0	30.0	31.0	32.0	33.0	34.0	35.0	36.0	37.0	38.0
Kilifi-Coast-88_S71_L001_paired_trim_R2	5.0	9.0	19.0	38.0	33.0	14.0	26.0	29.0	29.0	45.0	66.0	120.0	185.0	326.0	510.0	822.0	1466.0	2210.0	2682.0	3551.0	6110.0	4184.0
	22.0	23.0	24.0	25.0	26.0	27.0	28.0	29.0	30.0	31.0	32.0	33.0	34.0	35.0	36.0	37.0	38.0
Kwale-Coast-31_S26_L001_paired_trim_R1	1.0	1.0	4.0	10.0	14.0	29.0	53.0	61.0	100.0	90.0	136.0	207.0	320.0	484.0	1092.0	7907.0	8372.0
	17.0	18.0	19.0	20.0	21.0	22.0	23.0	24.0	25.0	26.0	27.0	28.0	29.0	30.0	31.0	32.0	33.0	34.0	35.0	36.0	37.0	38.0
Kwale-Coast-31_S26_L001_paired_trim_R2	3.0	11.0	25.0	82.0	94.0	44.0	31.0	33.0	42.0	56.0	86.0	98.0	142.0	239.0	298.0	438.0	715.0	1018.0	1736.0	3336.0	6914.0	3440.0
	22.0	23.0	24.0	25.0	26.0	27.0	28.0	29.0	30.0	31.0	32.0	33.0	34.0	35.0	36.0	37.0	38.0
Kwale-Coast-35_S27_L001_paired_trim_R1	1.0	1.0	1.0	14.0	19.0	41.0	41.0	77.0	113.0	128.0	168.0	224.0	284.0	488.0	1120.0	7917.0	10917.0
	16.0	17.0	18.0	19.0	20.0	21.0	22.0	23.0	24.0	25.0	26.0	27.0	28.0	29.0	30.0	31.0	32.0	33.0	34.0	35.0	36.0	37.0	38.0
Kwale-Coast-35_S27_L001_paired_trim_R2	3.0	7.0	32.0	53.0	163.0	192.0	82.0	39.0	26.0	30.0	47.0	73.0	80.0	150.0	210.0	343.0	461.0	700.0	994.0	1466.0	3327.0	8292.0	4784.0
	23.0	24.0	25.0	26.0	27.0	28.0	29.0	30.0	31.0	32.0	33.0	34.0	35.0	36.0	37.0	38.0
Kwale-Coast-36_S28_L001_paired_trim_R1	1.0	4.0	9.0	12.0	30.0	41.0	62.0	99.0	137.0	158.0	271.0	379.0	697.0	1761.0	10103.0	16362.0
	17.0	18.0	19.0	20.0	21.0	22.0	23.0	24.0	25.0	26.0	27.0	28.0	29.0	30.0	31.0	32.0	33.0	34.0	35.0	36.0	37.0	38.0
Kwale-Coast-36_S28_L001_paired_trim_R2	5.0	9.0	13.0	12.0	16.0	19.0	18.0	24.0	33.0	60.0	73.0	139.0	299.0	581.0	839.0	1001.0	1067.0	1119.0	1650.0	3550.0	12024.0	7575.0
	23.0	24.0	25.0	26.0	27.0	28.0	29.0	30.0	31.0	32.0	33.0	34.0	35.0	36.0	37.0	38.0
Kwale-Coast-37_S29_L001_paired_trim_R1	1.0	2.0	7.0	8.0	13.0	21.0	24.0	48.0	74.0	96.0	113.0	195.0	383.0	970.0	5105.0	7808.0
	17.0	18.0	19.0	20.0	21.0	22.0	23.0	24.0	25.0	26.0	27.0	28.0	29.0	30.0	31.0	32.0	33.0	34.0	35.0	36.0	37.0	38.0
Kwale-Coast-37_S29_L001_paired_trim_R2	1.0	14.0	17.0	23.0	25.0	21.0	17.0	26.0	16.0	31.0	53.0	82.0	196.0	358.0	494.0	629.0	601.0	686.0	903.0	2091.0	5301.0	3283.0
	23.0	24.0	25.0	26.0	27.0	28.0	29.0	30.0	31.0	32.0	33.0	34.0	35.0	36.0	37.0	38.0
Kwale-Coast-38_S30_L001_paired_trim_R1	1.0	7.0	13.0	19.0	43.0	55.0	70.0	81.0	116.0	148.0	203.0	286.0	501.0	1148.0	7768.0	11266.0
	16.0	17.0	18.0	19.0	20.0	21.0	22.0	23.0	24.0	25.0	26.0	27.0	28.0	29.0	30.0	31.0	32.0	33.0	34.0	35.0	36.0	37.0	38.0
Kwale-Coast-38_S30_L001_paired_trim_R2	2.0	7.0	31.0	50.0	137.0	156.0	80.0	39.0	26.0	36.0	42.0	62.0	87.0	163.0	267.0	364.0	518.0	718.0	1047.0	1538.0	3170.0	8917.0	4268.0
	22.0	23.0	24.0	25.0	26.0	27.0	28.0	29.0	30.0	31.0	32.0	33.0	34.0	35.0	36.0	37.0	38.0
Kwale-Coast-39_S31_L001_paired_trim_R1	1.0	1.0	3.0	13.0	14.0	24.0	38.0	64.0	103.0	112.0	136.0	219.0	371.0	635.0	1520.0	8622.0	10897.0
	17.0	18.0	19.0	20.0	21.0	22.0	23.0	24.0	25.0	26.0	27.0	28.0	29.0	30.0	31.0	32.0	33.0	34.0	35.0	36.0	37.0	38.0
Kwale-Coast-39_S31_L001_paired_trim_R2	6.0	7.0	13.0	24.0	21.0	27.0	14.0	24.0	40.0	57.0	78.0	108.0	223.0	393.0	670.0	871.0	1002.0	1238.0	1702.0	3379.0	8640.0	4236.0
	22.0	23.0	24.0	25.0	26.0	27.0	28.0	29.0	30.0	31.0	32.0	33.0	34.0	35.0	36.0	37.0	38.0
Kwale-Coast-41_S32_L001_paired_trim_R1	1.0	0.0	2.0	7.0	12.0	15.0	24.0	51.0	57.0	88.0	97.0	156.0	260.0	447.0	930.0	6982.0	7632.0
	17.0	18.0	19.0	20.0	21.0	22.0	23.0	24.0	25.0	26.0	27.0	28.0	29.0	30.0	31.0	32.0	33.0	34.0	35.0	36.0	37.0	38.0
Kwale-Coast-41_S32_L001_paired_trim_R2	5.0	6.0	13.0	13.0	30.0	24.0	17.0	18.0	35.0	36.0	68.0	95.0	172.0	287.0	365.0	359.0	457.0	635.0	982.0	2593.0	7498.0	3053.0
	20.0	21.0	22.0	23.0	24.0	25.0	26.0	27.0	28.0	29.0	30.0	31.0	32.0	33.0	34.0	35.0	36.0	37.0	38.0
Kwale-Coast-42_S33_L001_paired_trim_R1	1.0	0.0	0.0	1.0	3.0	15.0	20.0	24.0	57.0	85.0	107.0	143.0	205.0	277.0	407.0	687.0	1621.0	10387.0	13035.0
	16.0	17.0	18.0	19.0	20.0	21.0	22.0	23.0	24.0	25.0	26.0	27.0	28.0	29.0	30.0	31.0	32.0	33.0	34.0	35.0	36.0	37.0	38.0
Kwale-Coast-42_S33_L001_paired_trim_R2	1.0	4.0	14.0	24.0	68.0	98.0	55.0	38.0	35.0	48.0	55.0	88.0	141.0	293.0	466.0	671.0	784.0	858.0	1158.0	1922.0	4014.0	9863.0	6377.0
	22.0	23.0	24.0	25.0	26.0	27.0	28.0	29.0	30.0	31.0	32.0	33.0	34.0	35.0	36.0	37.0	38.0
Kwale-Coast-43_S34_L001_paired_trim_R1	1.0	1.0	1.0	8.0	13.0	19.0	26.0	46.0	73.0	76.0	109.0	170.0	276.0	482.0	1177.0	8050.0	12726.0
	16.0	17.0	18.0	19.0	20.0	21.0	22.0	23.0	24.0	25.0	26.0	27.0	28.0	29.0	30.0	31.0	32.0	33.0	34.0	35.0	36.0	37.0	38.0
Kwale-Coast-43_S34_L001_paired_trim_R2	1.0	7.0	11.0	19.0	23.0	29.0	31.0	25.0	31.0	51.0	47.0	75.0	118.0	154.0	238.0	371.0	554.0	736.0	1108.0	1650.0	4081.0	8550.0	5344.0
	23.0	24.0	25.0	26.0	27.0	28.0	29.0	30.0	31.0	32.0	33.0	34.0	35.0	36.0	37.0	38.0
Kwale-Coast-45_S35_L001_paired_trim_R1	2.0	2.0	7.0	20.0	34.0	53.0	67.0	89.0	111.0	183.0	258.0	384.0	682.0	1532.0	10752.0	20602.0
	16.0	17.0	18.0	19.0	20.0	21.0	22.0	23.0	24.0	25.0	26.0	27.0	28.0	29.0	30.0	31.0	32.0	33.0	34.0	35.0	36.0	37.0	38.0
Kwale-Coast-45_S35_L001_paired_trim_R2	1.0	1.0	9.0	15.0	26.0	19.0	33.0	32.0	26.0	33.0	59.0	90.0	122.0	240.0	339.0	443.0	528.0	699.0	1165.0	2114.0	5190.0	14619.0	8975.0
	24.0	25.0	26.0	27.0	28.0	29.0	30.0	31.0	32.0	33.0	34.0	35.0	36.0	37.0	38.0
Kwale-Coast-46_S36_L001_paired_trim_R1	3.0	5.0	17.0	15.0	42.0	55.0	63.0	97.0	137.0	197.0	289.0	498.0	1185.0	9624.0	9254.0
	17.0	18.0	19.0	20.0	21.0	22.0	23.0	24.0	25.0	26.0	27.0	28.0	29.0	30.0	31.0	32.0	33.0	34.0	35.0	36.0	37.0	38.0
Kwale-Coast-46_S36_L001_paired_trim_R2	5.0	12.0	25.0	49.0	52.0	38.0	29.0	21.0	32.0	46.0	75.0	90.0	118.0	200.0	288.0	410.0	600.0	910.0	1591.0	3563.0	9103.0	4224.0
	24.0	25.0	26.0	27.0	28.0	29.0	30.0	31.0	32.0	33.0	34.0	35.0	36.0	37.0	38.0
Kwale-Coast-47_S37_L001_paired_trim_R1	4.0	16.0	13.0	36.0	59.0	78.0	101.0	135.0	182.0	238.0	340.0	587.0	1315.0	8635.0	9876.0
	17.0	18.0	19.0	20.0	21.0	22.0	23.0	24.0	25.0	26.0	27.0	28.0	29.0	30.0	31.0	32.0	33.0	34.0	35.0	36.0	37.0	38.0
Kwale-Coast-47_S37_L001_paired_trim_R2	3.0	21.0	50.0	135.0	147.0	99.0	39.0	31.0	35.0	40.0	70.0	106.0	146.0	269.0	382.0	466.0	667.0	885.0	1541.0	3373.0	8685.0	4425.0
	22.0	23.0	24.0	25.0	26.0	27.0	28.0	29.0	30.0	31.0	32.0	33.0	34.0	35.0	36.0	37.0	38.0
Kwale-Coast-48_S38_L001_paired_trim_R1	1.0	2.0	4.0	10.0	23.0	35.0	42.0	64.0	96.0	107.0	154.0	256.0	364.0	552.0	1301.0	9273.0	13217.0
	17.0	18.0	19.0	20.0	21.0	22.0	23.0	24.0	25.0	26.0	27.0	28.0	29.0	30.0	31.0	32.0	33.0	34.0	35.0	36.0	37.0	38.0
Kwale-Coast-48_S38_L001_paired_trim_R2	3.0	9.0	19.0	50.0	56.0	43.0	34.0	43.0	44.0	65.0	96.0	146.0	189.0	252.0	365.0	536.0	724.0	1140.0	2014.0	4630.0	9602.0	5441.0
	20.0	21.0	22.0	23.0	24.0	25.0	26.0	27.0	28.0	29.0	30.0	31.0	32.0	33.0	34.0	35.0	36.0	37.0	38.0
Kwale-Coast-51_S40_L001_paired_trim_R1	1.0	0.0	0.0	3.0	0.0	6.0	14.0	23.0	33.0	59.0	88.0	125.0	144.0	243.0	348.0	707.0	1753.0	10025.0	17541.0
	17.0	18.0	19.0	20.0	21.0	22.0	23.0	24.0	25.0	26.0	27.0	28.0	29.0	30.0	31.0	32.0	33.0	34.0	35.0	36.0	37.0	38.0
Kwale-Coast-51_S40_L001_paired_trim_R2	4.0	8.0	7.0	10.0	8.0	13.0	14.0	20.0	22.0	37.0	50.0	125.0	283.0	567.0	865.0	1106.0	1087.0	1263.0	1827.0	4244.0	12214.0	7339.0
	23.0	24.0	25.0	26.0	27.0	28.0	29.0	30.0	31.0	32.0	33.0	34.0	35.0	36.0	37.0	38.0
Kwale-Coast-52_S41_L001_paired_trim_R1	1.0	1.0	4.0	11.0	15.0	24.0	43.0	64.0	71.0	89.0	127.0	191.0	345.0	800.0	5391.0	7942.0
	16.0	17.0	18.0	19.0	20.0	21.0	22.0	23.0	24.0	25.0	26.0	27.0	28.0	29.0	30.0	31.0	32.0	33.0	34.0	35.0	36.0	37.0	38.0
Kwale-Coast-52_S41_L001_paired_trim_R2	1.0	6.0	13.0	21.0	46.0	38.0	25.0	20.0	15.0	18.0	21.0	33.0	70.0	157.0	263.0	396.0	454.0	496.0	719.0	1142.0	2471.0	5648.0	3046.0
	23.0	24.0	25.0	26.0	27.0	28.0	29.0	30.0	31.0	32.0	33.0	34.0	35.0	36.0	37.0	38.0
Kwale-Coast-55_S44_L001_paired_trim_R1	1.0	3.0	4.0	14.0	31.0	44.0	68.0	101.0	134.0	195.0	274.0	510.0	936.0	1707.0	9529.0	14416.0
	17.0	18.0	19.0	20.0	21.0	22.0	23.0	24.0	25.0	26.0	27.0	28.0	29.0	30.0	31.0	32.0	33.0	34.0	35.0	36.0	37.0	38.0
Kwale-Coast-55_S44_L001_paired_trim_R2	2.0	7.0	20.0	27.0	27.0	30.0	22.0	25.0	44.0	41.0	77.0	197.0	415.0	721.0	842.0	797.0	698.0	877.0	1455.0	3759.0	11689.0	6195.0
	24.0	25.0	26.0	27.0	28.0	29.0	30.0	31.0	32.0	33.0	34.0	35.0	36.0	37.0	38.0
Kwale-Coast-56_S45_L001_paired_trim_R1	4.0	5.0	22.0	59.0	77.0	95.0	145.0	179.0	291.0	375.0	628.0	1097.0	2521.0	13634.0	22465.0
	18.0	19.0	20.0	21.0	22.0	23.0	24.0	25.0	26.0	27.0	28.0	29.0	30.0	31.0	32.0	33.0	34.0	35.0	36.0	37.0	38.0
Kwale-Coast-56_S45_L001_paired_trim_R2	10.0	30.0	94.0	85.0	48.0	34.0	50.0	64.0	71.0	102.0	214.0	469.0	836.0	1123.0	1286.0	1302.0	1534.0	2313.0	5811.0	16169.0	9952.0
	23.0	24.0	25.0	26.0	27.0	28.0	29.0	30.0	31.0	32.0	33.0	34.0	35.0	36.0	37.0	38.0
Kwale-Coast-57_S46_L001_paired_trim_R1	1.0	5.0	7.0	21.0	33.0	44.0	84.0	110.0	140.0	203.0	296.0	389.0	683.0	1663.0	12805.0	15509.0
	16.0	17.0	18.0	19.0	20.0	21.0	22.0	23.0	24.0	25.0	26.0	27.0	28.0	29.0	30.0	31.0	32.0	33.0	34.0	35.0	36.0	37.0	38.0
Kwale-Coast-57_S46_L001_paired_trim_R2	1.0	8.0	12.0	26.0	58.0	63.0	35.0	35.0	46.0	45.0	66.0	90.0	116.0	204.0	330.0	425.0	668.0	989.0	1521.0	2348.0	5267.0	13620.0	6020.0
	23.0	24.0	25.0	26.0	27.0	28.0	29.0	30.0	31.0	32.0	33.0	34.0	35.0	36.0	37.0	38.0
Kwale-Coast-58_S47_L001_paired_trim_R1	4.0	8.0	20.0	44.0	42.0	80.0	103.0	158.0	228.0	338.0	437.0	738.0	1302.0	3103.0	16327.0	28277.0
	16.0	17.0	18.0	19.0	20.0	21.0	22.0	23.0	24.0	25.0	26.0	27.0	28.0	29.0	30.0	31.0	32.0	33.0	34.0	35.0	36.0	37.0	38.0
Kwale-Coast-58_S47_L001_paired_trim_R2	1.0	2.0	13.0	23.0	53.0	46.0	44.0	40.0	44.0	67.0	86.0	147.0	267.0	564.0	988.0	1374.0	1544.0	1515.0	1874.0	2945.0	7404.0	19811.0	12357.0
	24.0	25.0	26.0	27.0	28.0	29.0	30.0	31.0	32.0	33.0	34.0	35.0	36.0	37.0	38.0
Kwale-Coast-59_S48_L001_paired_trim_R1	3.0	2.0	10.0	23.0	41.0	61.0	84.0	94.0	124.0	200.0	295.0	497.0	1148.0	6046.0	4734.0
	16.0	17.0	18.0	19.0	20.0	21.0	22.0	23.0	24.0	25.0	26.0	27.0	28.0	29.0	30.0	31.0	32.0	33.0	34.0	35.0	36.0	37.0	38.0
Kwale-Coast-59_S48_L001_paired_trim_R2	1.0	3.0	5.0	13.0	27.0	32.0	19.0	30.0	26.0	34.0	51.0	73.0	104.0	150.0	303.0	421.0	567.0	661.0	971.0	1531.0	2602.0	3909.0	1829.0
	22.0	23.0	24.0	25.0	26.0	27.0	28.0	29.0	30.0	31.0	32.0	33.0	34.0	35.0	36.0	37.0	38.0
Nairobi-11_S10_L001_paired_trim_R1	1.0	1.0	0.0	5.0	6.0	26.0	18.0	50.0	48.0	80.0	90.0	131.0	187.0	294.0	759.0	7023.0	9326.0
	18.0	19.0	20.0	21.0	22.0	23.0	24.0	25.0	26.0	27.0	28.0	29.0	30.0	31.0	32.0	33.0	34.0	35.0	36.0	37.0	38.0
Nairobi-11_S10_L001_paired_trim_R2	4.0	6.0	14.0	18.0	20.0	11.0	17.0	25.0	40.0	54.0	54.0	88.0	149.0	211.0	327.0	511.0	750.0	1278.0	3065.0	8091.0	3312.0
	22.0	23.0	24.0	25.0	26.0	27.0	28.0	29.0	30.0	31.0	32.0	33.0	34.0	35.0	36.0	37.0	38.0
Nairobi-12_S11_L001_paired_trim_R1	2.0	2.0	3.0	3.0	13.0	24.0	47.0	52.0	74.0	109.0	142.0	216.0	301.0	566.0	1253.0	9804.0	14814.0
	16.0	17.0	18.0	19.0	20.0	21.0	22.0	23.0	24.0	25.0	26.0	27.0	28.0	29.0	30.0	31.0	32.0	33.0	34.0	35.0	36.0	37.0	38.0
Nairobi-12_S11_L001_paired_trim_R2	1.0	2.0	10.0	16.0	11.0	27.0	25.0	29.0	30.0	37.0	44.0	74.0	101.0	169.0	278.0	431.0	605.0	791.0	1169.0	1899.0	4091.0	11958.0	5627.0
	23.0	24.0	25.0	26.0	27.0	28.0	29.0	30.0	31.0	32.0	33.0	34.0	35.0	36.0	37.0	38.0
Nairobi-13_S12_L001_paired_trim_R1	1.0	4.0	14.0	21.0	31.0	64.0	78.0	126.0	182.0	239.0	340.0	571.0	1115.0	2607.0	13388.0	18727.0
	16.0	17.0	18.0	19.0	20.0	21.0	22.0	23.0	24.0	25.0	26.0	27.0	28.0	29.0	30.0	31.0	32.0	33.0	34.0	35.0	36.0	37.0	38.0
Nairobi-13_S12_L001_paired_trim_R2	1.0	3.0	16.0	38.0	56.0	66.0	33.0	38.0	50.0	42.0	75.0	120.0	239.0	427.0	816.0	1099.0	1163.0	1321.0	1648.0	2647.0	5476.0	14361.0	7773.0
	24.0	25.0	26.0	27.0	28.0	29.0	30.0	31.0	32.0	33.0	34.0	35.0	36.0	37.0	38.0
Nairobi-15_S13_L001_paired_trim_R1	1.0	3.0	0.0	10.0	27.0	31.0	29.0	45.0	49.0	71.0	115.0	175.0	391.0	2371.0	2606.0
	17.0	18.0	19.0	20.0	21.0	22.0	23.0	24.0	25.0	26.0	27.0	28.0	29.0	30.0	31.0	32.0	33.0	34.0	35.0	36.0	37.0	38.0
Nairobi-15_S13_L001_paired_trim_R2	4.0	9.0	23.0	53.0	54.0	21.0	7.0	7.0	4.0	12.0	23.0	28.0	47.0	63.0	100.0	151.0	218.0	304.0	491.0	917.0	2185.0	1203.0
	25.0	26.0	27.0	28.0	29.0	30.0	31.0	32.0	33.0	34.0	35.0	36.0	37.0	38.0
Nairobi-16_S14_L001_paired_trim_R1	2.0	8.0	7.0	14.0	11.0	18.0	31.0	33.0	57.0	70.0	131.0	265.0	1828.0	2855.0
	16.0	17.0	18.0	19.0	20.0	21.0	22.0	23.0	24.0	25.0	26.0	27.0	28.0	29.0	30.0	31.0	32.0	33.0	34.0	35.0	36.0	37.0	38.0
Nairobi-16_S14_L001_paired_trim_R2	1.0	0.0	7.0	18.0	43.0	31.0	19.0	16.0	6.0	18.0	11.0	21.0	26.0	31.0	45.0	69.0	100.0	178.0	279.0	449.0	1012.0	1976.0	974.0
	23.0	24.0	25.0	26.0	27.0	28.0	29.0	30.0	31.0	32.0	33.0	34.0	35.0	36.0	37.0	38.0
Nairobi-17_S15_L001_paired_trim_R1	2.0	3.0	12.0	19.0	29.0	48.0	59.0	101.0	108.0	147.0	185.0	284.0	515.0	1254.0	8801.0	7975.0
	16.0	17.0	18.0	19.0	20.0	21.0	22.0	23.0	24.0	25.0	26.0	27.0	28.0	29.0	30.0	31.0	32.0	33.0	34.0	35.0	36.0	37.0	38.0
Nairobi-17_S15_L001_paired_trim_R2	7.0	19.0	32.0	64.0	148.0	160.0	82.0	28.0	19.0	29.0	34.0	60.0	94.0	135.0	241.0	437.0	758.0	1133.0	1379.0	1450.0	2753.0	7312.0	3168.0
	22.0	23.0	24.0	25.0	26.0	27.0	28.0	29.0	30.0	31.0	32.0	33.0	34.0	35.0	36.0	37.0	38.0
Nairobi-18_S16_L001_paired_trim_R1	1.0	2.0	2.0	3.0	6.0	9.0	10.0	23.0	39.0	52.0	82.0	108.0	202.0	385.0	913.0	5329.0	8302.0
	17.0	18.0	19.0	20.0	21.0	22.0	23.0	24.0	25.0	26.0	27.0	28.0	29.0	30.0	31.0	32.0	33.0	34.0	35.0	36.0	37.0	38.0
Nairobi-18_S16_L001_paired_trim_R2	2.0	8.0	4.0	12.0	10.0	11.0	8.0	14.0	16.0	12.0	36.0	74.0	186.0	344.0	535.0	664.0	595.0	678.0	921.0	1815.0	6285.0	3238.0
	24.0	25.0	26.0	27.0	28.0	29.0	30.0	31.0	32.0	33.0	34.0	35.0	36.0	37.0	38.0
Nairobi-19_S17_L001_paired_trim_R1	2.0	3.0	5.0	14.0	17.0	24.0	32.0	54.0	62.0	101.0	145.0	320.0	739.0	4128.0	5651.0
	17.0	18.0	19.0	20.0	21.0	22.0	23.0	24.0	25.0	26.0	27.0	28.0	29.0	30.0	31.0	32.0	33.0	34.0	35.0	36.0	37.0	38.0
Nairobi-19_S17_L001_paired_trim_R2	3.0	4.0	11.0	32.0	20.0	13.0	13.0	7.0	17.0	27.0	42.0	75.0	145.0	246.0	357.0	420.0	394.0	515.0	778.0	1622.0	4403.0	2153.0
	24.0	25.0	26.0	27.0	28.0	29.0	30.0	31.0	32.0	33.0	34.0	35.0	36.0	37.0	38.0
Nairobi-1_S1_L001_paired_trim_R1	2.0	10.0	13.0	22.0	21.0	36.0	31.0	56.0	67.0	91.0	125.0	240.0	556.0	3595.0	4490.0
	16.0	17.0	18.0	19.0	20.0	21.0	22.0	23.0	24.0	25.0	26.0	27.0	28.0	29.0	30.0	31.0	32.0	33.0	34.0	35.0	36.0	37.0	38.0
Nairobi-1_S1_L001_paired_trim_R2	1.0	4.0	8.0	21.0	47.0	34.0	26.0	9.0	6.0	13.0	26.0	26.0	47.0	67.0	123.0	198.0	241.0	282.0	460.0	685.0	1403.0	3518.0	2110.0
	22.0	23.0	24.0	25.0	26.0	27.0	28.0	29.0	30.0	31.0	32.0	33.0	34.0	35.0	36.0	37.0	38.0
Nairobi-21_S18_L001_paired_trim_R1	1.0	0.0	2.0	7.0	10.0	15.0	21.0	38.0	50.0	74.0	83.0	133.0	182.0	332.0	915.0	6395.0	7942.0
	16.0	17.0	18.0	19.0	20.0	21.0	22.0	23.0	24.0	25.0	26.0	27.0	28.0	29.0	30.0	31.0	32.0	33.0	34.0	35.0	36.0	37.0	38.0
Nairobi-21_S18_L001_paired_trim_R2	1.0	3.0	9.0	25.0	61.0	43.0	31.0	16.0	11.0	11.0	16.0	42.0	73.0	144.0	249.0	361.0	442.0	443.0	709.0	1317.0	2365.0	7074.0	2754.0
	23.0	24.0	25.0	26.0	27.0	28.0	29.0	30.0	31.0	32.0	33.0	34.0	35.0	36.0	37.0	38.0
Nairobi-22_S19_L001_paired_trim_R1	1.0	2.0	7.0	10.0	17.0	35.0	39.0	47.0	85.0	117.0	168.0	278.0	508.0	1199.0	6838.0	9316.0
	16.0	17.0	18.0	19.0	20.0	21.0	22.0	23.0	24.0	25.0	26.0	27.0	28.0	29.0	30.0	31.0	32.0	33.0	34.0	35.0	36.0	37.0	38.0
Nairobi-22_S19_L001_paired_trim_R2	1.0	7.0	10.0	18.0	23.0	31.0	17.0	15.0	19.0	29.0	34.0	60.0	121.0	210.0	410.0	546.0	682.0	806.0	975.0	1380.0	2726.0	7201.0	3346.0
	23.0	24.0	25.0	26.0	27.0	28.0	29.0	30.0	31.0	32.0	33.0	34.0	35.0	36.0	37.0	38.0
Nairobi-23_S20_L001_paired_trim_R1	1.0	1.0	2.0	8.0	11.0	21.0	26.0	46.0	66.0	48.0	112.0	145.0	290.0	659.0	4707.0	6965.0
	17.0	18.0	19.0	20.0	21.0	22.0	23.0	24.0	25.0	26.0	27.0	28.0	29.0	30.0	31.0	32.0	33.0	34.0	35.0	36.0	37.0	38.0
Nairobi-23_S20_L001_paired_trim_R2	2.0	4.0	10.0	25.0	23.0	16.0	9.0	13.0	21.0	22.0	31.0	59.0	103.0	169.0	243.0	290.0	367.0	534.0	842.0	2022.0	5551.0	2752.0
	22.0	23.0	24.0	25.0	26.0	27.0	28.0	29.0	30.0	31.0	32.0	33.0	34.0	35.0	36.0	37.0	38.0
Nairobi-24_S21_L001_paired_trim_R1	1.0	2.0	3.0	11.0	17.0	28.0	41.0	58.0	82.0	110.0	158.0	241.0	410.0	817.0	1956.0	8150.0	14064.0
	17.0	18.0	19.0	20.0	21.0	22.0	23.0	24.0	25.0	26.0	27.0	28.0	29.0	30.0	31.0	32.0	33.0	34.0	35.0	36.0	37.0	38.0
Nairobi-24_S21_L001_paired_trim_R2	4.0	12.0	17.0	42.0	50.0	41.0	23.0	22.0	30.0	44.0	76.0	148.0	350.0	690.0	1033.0	1144.0	1150.0	1116.0	1507.0	3512.0	8947.0	6191.0
	22.0	23.0	24.0	25.0	26.0	27.0	28.0	29.0	30.0	31.0	32.0	33.0	34.0	35.0	36.0	37.0	38.0
Nairobi-25_S22_L001_paired_trim_R1	1.0	3.0	3.0	5.0	7.0	17.0	17.0	40.0	53.0	61.0	70.0	147.0	188.0	365.0	913.0	6199.0	9167.0
	17.0	18.0	19.0	20.0	21.0	22.0	23.0	24.0	25.0	26.0	27.0	28.0	29.0	30.0	31.0	32.0	33.0	34.0	35.0	36.0	37.0	38.0
Nairobi-25_S22_L001_paired_trim_R2	4.0	12.0	11.0	9.0	15.0	16.0	25.0	14.0	17.0	30.0	41.0	87.0	145.0	269.0	384.0	518.0	682.0	862.0	1243.0	2903.0	6673.0	3296.0
	23.0	24.0	25.0	26.0	27.0	28.0	29.0	30.0	31.0	32.0	33.0	34.0	35.0	36.0	37.0	38.0
Nairobi-27_S23_L001_paired_trim_R1	2.0	2.0	10.0	13.0	20.0	40.0	55.0	59.0	87.0	105.0	198.0	290.0	475.0	1148.0	11613.0	13257.0
	17.0	18.0	19.0	20.0	21.0	22.0	23.0	24.0	25.0	26.0	27.0	28.0	29.0	30.0	31.0	32.0	33.0	34.0	35.0	36.0	37.0	38.0
Nairobi-27_S23_L001_paired_trim_R2	3.0	9.0	16.0	20.0	24.0	29.0	24.0	29.0	23.0	35.0	54.0	89.0	115.0	188.0	317.0	541.0	998.0	2071.0	3500.0	4407.0	9240.0	5642.0
	22.0	23.0	24.0	25.0	26.0	27.0	28.0	29.0	30.0	31.0	32.0	33.0	34.0	35.0	36.0	37.0	38.0
Nairobi-28_S24_L001_paired_trim_R1	1.0	1.0	0.0	19.0	28.0	59.0	72.0	118.0	118.0	126.0	205.0	246.0	345.0	568.0	1401.0	11042.0	14677.0
	16.0	17.0	18.0	19.0	20.0	21.0	22.0	23.0	24.0	25.0	26.0	27.0	28.0	29.0	30.0	31.0	32.0	33.0	34.0	35.0	36.0	37.0	38.0
Nairobi-28_S24_L001_paired_trim_R2	1.0	11.0	43.0	130.0	304.0	310.0	147.0	50.0	26.0	35.0	49.0	58.0	85.0	157.0	232.0	405.0	566.0	733.0	963.0	1537.0	3900.0	12679.0	6605.0
	22.0	23.0	24.0	25.0	26.0	27.0	28.0	29.0	30.0	31.0	32.0	33.0	34.0	35.0	36.0	37.0	38.0
Nairobi-29_S25_L001_paired_trim_R1	1.0	0.0	2.0	14.0	19.0	20.0	41.0	52.0	60.0	77.0	136.0	161.0	251.0	488.0	990.0	5598.0	6541.0
	16.0	17.0	18.0	19.0	20.0	21.0	22.0	23.0	24.0	25.0	26.0	27.0	28.0	29.0	30.0	31.0	32.0	33.0	34.0	35.0	36.0	37.0	38.0
Nairobi-29_S25_L001_paired_trim_R2	1.0	6.0	15.0	40.0	67.0	81.0	47.0	20.0	15.0	25.0	50.0	42.0	90.0	126.0	173.0	266.0	465.0	659.0	888.0	1128.0	2129.0	5091.0	3027.0
	22.0	23.0	24.0	25.0	26.0	27.0	28.0	29.0	30.0	31.0	32.0	33.0	34.0	35.0	36.0	37.0	38.0
Nairobi-2_S2_L001_paired_trim_R1	1.0	0.0	3.0	8.0	16.0	35.0	62.0	70.0	90.0	106.0	126.0	161.0	262.0	426.0	1065.0	4762.0	7735.0
	16.0	17.0	18.0	19.0	20.0	21.0	22.0	23.0	24.0	25.0	26.0	27.0	28.0	29.0	30.0	31.0	32.0	33.0	34.0	35.0	36.0	37.0	38.0
Nairobi-2_S2_L001_paired_trim_R2	2.0	9.0	22.0	69.0	226.0	204.0	108.0	30.0	18.0	38.0	39.0	46.0	84.0	159.0	282.0	408.0	565.0	655.0	741.0	1042.0	2164.0	5190.0	2827.0
	24.0	25.0	26.0	27.0	28.0	29.0	30.0	31.0	32.0	33.0	34.0	35.0	36.0	37.0	38.0
Nairobi-3_S3_L001_paired_trim_R1	2.0	8.0	7.0	18.0	34.0	42.0	57.0	67.0	87.0	133.0	174.0	373.0	966.0	5535.0	6248.0
	16.0	17.0	18.0	19.0	20.0	21.0	22.0	23.0	24.0	25.0	26.0	27.0	28.0	29.0	30.0	31.0	32.0	33.0	34.0	35.0	36.0	37.0	38.0
Nairobi-3_S3_L001_paired_trim_R2	3.0	2.0	15.0	17.0	58.0	69.0	28.0	15.0	18.0	20.0	30.0	36.0	58.0	86.0	132.0	275.0	427.0	621.0	774.0	963.0	2068.0	5720.0	2316.0
	24.0	25.0	26.0	27.0	28.0	29.0	30.0	31.0	32.0	33.0	34.0	35.0	36.0	37.0	38.0
Nairobi-4_S4_L001_paired_trim_R1	1.0	8.0	8.0	19.0	25.0	47.0	57.0	84.0	120.0	175.0	282.0	452.0	1291.0	6894.0	7400.0
	17.0	18.0	19.0	20.0	21.0	22.0	23.0	24.0	25.0	26.0	27.0	28.0	29.0	30.0	31.0	32.0	33.0	34.0	35.0	36.0	37.0	38.0
Nairobi-4_S4_L001_paired_trim_R2	3.0	3.0	12.0	14.0	11.0	16.0	19.0	22.0	17.0	30.0	40.0	65.0	154.0	287.0	424.0	616.0	872.0	1039.0	1331.0	1986.0	7133.0	2769.0
	24.0	25.0	26.0	27.0	28.0	29.0	30.0	31.0	32.0	33.0	34.0	35.0	36.0	37.0	38.0
Nairobi-5_S5_L001_paired_trim_R1	3.0	4.0	7.0	20.0	28.0	37.0	53.0	69.0	80.0	137.0	200.0	403.0	973.0	5205.0	6643.0
	16.0	17.0	18.0	19.0	20.0	21.0	22.0	23.0	24.0	25.0	26.0	27.0	28.0	29.0	30.0	31.0	32.0	33.0	34.0	35.0	36.0	37.0	38.0
Nairobi-5_S5_L001_paired_trim_R2	5.0	4.0	17.0	37.0	47.0	56.0	33.0	20.0	22.0	11.0	34.0	38.0	70.0	111.0	212.0	291.0	360.0	449.0	579.0	929.0	1975.0	5651.0	2911.0
	23.0	24.0	25.0	26.0	27.0	28.0	29.0	30.0	31.0	32.0	33.0	34.0	35.0	36.0	37.0	38.0
Nairobi-6_S6_L001_paired_trim_R1	1.0	3.0	10.0	19.0	39.0	55.0	86.0	89.0	117.0	164.0	206.0	318.0	487.0	1185.0	8146.0	13269.0
	17.0	18.0	19.0	20.0	21.0	22.0	23.0	24.0	25.0	26.0	27.0	28.0	29.0	30.0	31.0	32.0	33.0	34.0	35.0	36.0	37.0	38.0
Nairobi-6_S6_L001_paired_trim_R2	15.0	31.0	71.0	144.0	181.0	66.0	32.0	20.0	23.0	33.0	47.0	105.0	205.0	330.0	583.0	652.0	722.0	755.0	1248.0	3032.0	10283.0	5616.0
	23.0	24.0	25.0	26.0	27.0	28.0	29.0	30.0	31.0	32.0	33.0	34.0	35.0	36.0	37.0	38.0
Nairobi-7_S7_L001_paired_trim_R1	1.0	3.0	8.0	15.0	18.0	38.0	48.0	89.0	104.0	115.0	198.0	305.0	582.0	1236.0	8449.0	13168.0
	17.0	18.0	19.0	20.0	21.0	22.0	23.0	24.0	25.0	26.0	27.0	28.0	29.0	30.0	31.0	32.0	33.0	34.0	35.0	36.0	37.0	38.0
Nairobi-7_S7_L001_paired_trim_R2	4.0	8.0	28.0	28.0	38.0	26.0	27.0	23.0	36.0	28.0	60.0	130.0	250.0	367.0	513.0	595.0	606.0	825.0	1337.0	3457.0	10689.0	5302.0
	21.0	22.0	23.0	24.0	25.0	26.0	27.0	28.0	29.0	30.0	31.0	32.0	33.0	34.0	35.0	36.0	37.0	38.0
Nairobi-8_S8_L001_paired_trim_R1	1.0	0.0	0.0	2.0	5.0	7.0	19.0	29.0	46.0	58.0	82.0	83.0	139.0	248.0	436.0	849.0	6223.0	8498.0
	16.0	17.0	18.0	19.0	20.0	21.0	22.0	23.0	24.0	25.0	26.0	27.0	28.0	29.0	30.0	31.0	32.0	33.0	34.0	35.0	36.0	37.0	38.0
Nairobi-8_S8_L001_paired_trim_R2	1.0	4.0	10.0	25.0	37.0	46.0	30.0	21.0	15.0	20.0	29.0	34.0	82.0	183.0	245.0	285.0	325.0	357.0	573.0	927.0	2517.0	7460.0	3499.0
	23.0	24.0	25.0	26.0	27.0	28.0	29.0	30.0	31.0	32.0	33.0	34.0	35.0	36.0	37.0	38.0
Nairobi-9_S9_L001_paired_trim_R1	1.0	4.0	15.0	12.0	29.0	43.0	57.0	97.0	123.0	179.0	237.0	411.0	784.0	1747.0	9263.0	16411.0
	16.0	17.0	18.0	19.0	20.0	21.0	22.0	23.0	24.0	25.0	26.0	27.0	28.0	29.0	30.0	31.0	32.0	33.0	34.0	35.0	36.0	37.0	38.0
Nairobi-9_S9_L001_paired_trim_R2	1.0	4.0	8.0	24.0	38.0	31.0	32.0	22.0	31.0	33.0	45.0	75.0	164.0	322.0	585.0	827.0	900.0	854.0	969.0	1535.0	3946.0	11493.0	7474.0

